129
133
131
135
136
141
131
133
134
133
133
140
127
132
139
133
132
138
135
135
137
137
132
133
139
135
133
137
137
137
133
138
133
133
145
136
138
139
128
134
136
136
136
135
137
142
135
133
132
137
134
145
150
158
172
171
176
184
193
193
197
194
204
198
191
188
190
183
183
177
165
149
146
133
135
131
132
136
135
127
130
139
131
129
132
127
131
131
128
118
126
120
125
120
118
123
117
119
125
114
117
121
113
113
124
114
118
124
116
116
120
114
108
121
116
120
123
116
115
116
113
113
112
111
113
119
112
113
117
109
107
115
115
116
118
115
114
111
113
112
113
116
114
111
118
107
113
116
106
116
121
117
115
120
113
120
118
110
118
114
111
122
112
112
122
113
113
110
115
108
116
112
118
117
108
111
110
119
113
111
118
106
120
116
119
112
110
120
114
111
116
110
116
116
114
120
118
120
114
114
115
117
117
117
118
110
119
119
110
127
117
125
118
119
116
112
119
118
111
127
127
119
119
117
121
112
114
126
111
116
115
118
115
114
113
105
114
115
113
116
112
112
117
113
116
120
117
114
110
118
0
