133
135
129
129
127
129
128
134
136
127
131
135
130
129
134
127
133
138
135
134
141
136
129
133
136
138
132
134
133
131
131
132
127
133
136
133
133
131
131
129
133
133
134
135
139
129
135
133
131
136
137
132
133
132
137
129
134
134
132
133
140
132
137
135
136
129
133
133
136
134
134
132
128
135
135
128
134
135
126
132
137
127
131
134
138
128
136
132
130
135
136
135
131
133
129
128
134
136
133
135
135
130
134
135
136
133
135
134
134
138
136
135
134
132
130
132
136
134
133
134
136
132
135
134
141
151
165
176
179
188
194
194
207
205
203
207
206
199
199
203
201
198
199
197
200
188
172
164
150
144
132
126
128
125
122
126
130
126
125
124
125
124
127
121
112
118
116
112
109
113
114
113
108
115
102
111
111
110
112
112
109
109
112
114
115
116
114
108
106
110
111
107
111
107
107
107
109
101
103
108
105
108
104
103
102
103
108
101
110
107
101
105
100
107
107
108
107
107
105
106
106
105
108
102
106
105
108
102
108
99
105
108
108
108
109
112
107
108
109
112
106
113
109
111
114
113
107
117
116
119
148
