125
120
121
128
128
126
125
127
122
128
129
120
124
127
124
124
127
126
127
127
122
118
123
124
122
121
126
122
122
122
124
119
121
121
117
114
129
119
121
119
110
121
114
124
115
115
122
121
117
123
121
117
117
119
123
121
119
113
119
119
121
120
120
122
120
120
115
113
113
122
119
113
120
116
114
124
116
116
118
118
120
115
113
115
109
115
124
110
116
123
117
118
115
115
115
121
119
113
113
121
114
116
118
114
124
129
133
140
148
161
164
165
173
173
174
176
177
170
176
175
170
173
167
170
155
146
133
122
124
120
114
116
118
118
120
117
118
112
120
118
115
115
116
109
112
109
110
112
108
108
106
110
110
107
111
110
107
105
107
110
105
107
104
104
111
109
102
107
107
107
106
109
107
104
107
106
106
108
109
106
106
105
108
102
109
106
100
103
108
105
101
106
106
108
107
110
104
105
105
101
102
107
108
103
107
107
107
108
111
106
108
113
114
109
110
109
108
113
118
116
113
118
110
109
108
109
105
111
115
109
113
117
116
113
114
116
116
115
117
115
118
122
117
118
116
122
115
123
118
116
114
