131
137
136
131
138
134
131
135
136
129
134
135
132
135
137
136
130
134
138
130
141
138
131
136
138
130
133
137
138
129
138
139
135
137
137
136
131
137
141
135
143
142
132
138
140
138
134
142
133
137
133
142
132
140
137
132
138
141
135
137
141
137
138
134
138
132
136
142
131
134
140
134
137
139
141
132
139
139
135
136
142
136
136
136
134
132
141
141
133
143
141
138
135
142
140
131
141
140
131
137
134
127
128
131
131
128
131
133
129
130
136
122
128
136
130
129
132
135
123
135
138
132
135
137
130
136
134
133
130
137
137
129
133
139
133
135
137
136
134
139
137
134
141
136
134
138
141
136
136
134
136
133
139
142
132
139
143
137
143
139
142
139
142
144
138
141
145
138
144
143
140
137
146
136
132
144
139
136
142
140
142
135
145
139
135
147
144
138
143
147
141
140
144
137
139
143
142
140
139
146
140
142
141
141
143
144
142
137
145
141
141
144
141
138
139
148
141
138
147
144
141
141
147
139
143
146
137
132
143
144
136
141
141
140
142
142
136
131
139
135
132
133
134
129
133
139
128
132
133
133
107
