117
120
118
122
122
118
122
122
119
122
123
118
117
119
123
116
130
121
119
121
118
121
122
123
126
124
130
123
121
127
125
127
119
127
119
127
123
132
123
131
127
128
125
128
126
122
128
122
120
129
126
121
125
123
129
122
126
125
120
128
123
124
128
130
124
130
127
129
121
128
131
127
128
132
129
132
133
132
127
127
129
137
147
159
158
175
171
181
175
190
186
190
186
196
186
184
193
183
191
189
185
188
179
172
157
150
144
137
135
137
138
130
134
133
127
131
132
128
128
131
130
128
128
124
126
127
122
115
110
118
112
113
118
108
114
119
113
111
113
113
106
110
112
106
111
108
108
105
113
106
110
108
108
108
107
107
109
111
106
113
105
112
114
114
111
109
110
107
107
106
108
109
110
106
110
104
110
103
113
107
106
109
110
106
105
100
112
113
116
111
111
101
111
109
108
106
105
111
108
114
110
113
111
109
104
115
115
117
109
115
105
112
118
112
115
118
108
114
119
113
109
114
114
119
110
114
116
110
123
115
113
115
121
121
117
117
122
117
124
125
115
123
120
117
127
123
123
119
120
123
117
