139
145
149
145
141
147
146
137
146
142
141
141
144
140
143
144
142
139
146
140
140
139
145
142
144
143
149
137
146
144
140
147
150
144
146
148
147
141
149
149
144
143
148
140
145
145
145
142
149
146
143
145
147
141
149
147
144
142
147
145
141
146
147
140
145
144
143
139
149
142
141
145
144
138
145
144
140
143
139
141
140
146
143
137
142
143
137
142
138
139
140
145
139
135
142
142
137
137
144
135
134
137
139
133
139
141
133
139
138
136
136
144
135
131
139
136
128
136
134
129
131
135
136
128
135
131
129
131
133
128
132
130
127
124
132
131
125
130
133
126
129
134
127
127
129
131
120
129
132
123
128
129
130
126
135
127
123
133
133
129
130
132
129
127
133
132
124
131
131
124
131
133
129
129
134
127
131
131
129
127
134
134
126
129
133
128
132
134
131
127
133
132
125
131
135
126
128
132
125
128
131
132
125
131
134
130
131
135
130
129
131
134
124
131
136
125
135
135
129
129
132
135
128
132
137
126
133
135
132
128
137
130
126
134
133
131
129
136
129
129
133
134
128
138
136
129
139
135
130
133
0
