139
135
134
138
139
138
134
138
140
135
139
141
134
141
142
139
133
141
135
133
137
141
134
140
141
135
134
141
138
136
141
140
135
138
143
128
137
141
140
136
142
140
135
141
143
134
135
141
139
138
140
142
132
139
139
139
140
142
139
136
143
137
129
138
139
134
136
136
134
132
139
140
127
139
137
132
134
139
133
133
139
138
130
141
136
132
140
138
134
135
141
139
132
134
139
133
138
139
136
134
143
138
135
139
138
133
138
142
133
137
140
138
133
140
135
133
139
142
135
137
143
138
134
138
142
133
140
139
137
139
143
137
135
142
140
137
136
141
130
137
139
134
138
141
140
134
138
139
135
140
144
137
135
143
138
135
141
139
135
143
144
134
137
143
138
135
139
144
133
139
141
135
138
142
138
133
139
137
132
138
141
137
138
140
141
133
145
136
134
139
139
139
137
141
135
137
140
137
134
137
140
134
138
142
136
139
140
142
131
140
140
137
136
138
138
140
142
137
135
138
145
132
136
145
136
137
139
137
135
137
139
129
134
137
130
132
134
130
129
136
134
130
132
138
128
134
136
133
132
136
0
