136
131
136
131
130
133
133
130
131
132
130
128
133
132
129
133
134
132
130
132
130
132
129
136
126
131
135
129
129
134
131
126
134
132
127
131
135
130
126
131
130
125
135
131
126
134
129
129
135
131
129
132
132
132
126
132
130
128
130
130
126
128
134
129
128
136
130
129
130
130
130
126
132
129
125
134
132
125
133
133
128
133
130
131
129
135
130
127
132
135
129
134
132
130
128
133
137
123
136
131
127
132
134
127
133
137
130
135
139
139
142
146
144
135
141
143
139
135
137
139
133
141
139
126
133
129
119
118
124
121
115
125
125
116
126
125
118
124
125
123
118
127
120
120
126
126
120
125
127
125
123
128
129
120
128
131
123
124
131
125
127
134
127
123
129
128
120
132
130
125
127
132
127
123
130
131
126
130
131
126
127
131
126
126
132
133
125
132
135
125
130
134
128
128
133
131
123
128
132
122
132
130
123
128
134
129
125
132
133
130
132
133
130
127
131
134
128
134
131
126
135
131
128
131
134
133
132
136
133
130
134
136
129
129
135
133
126
133
129
125
128
130
125
129
132
129
128
131
133
125
140
