129
124
129
127
127
122
128
129
127
127
133
123
122
132
127
125
129
132
122
128
133
124
130
137
125
129
136
131
125
135
132
123
134
133
129
131
134
133
126
133
132
124
134
130
125
132
133
132
127
136
130
127
133
131
126
131
132
131
126
132
137
127
138
135
131
136
136
131
137
131
136
129
134
139
132
138
136
132
134
138
138
130
139
138
133
135
138
131
130
137
130
130
138
132
133
135
136
126
134
136
134
130
134
136
128
135
139
126
133
137
132
134
135
136
132
135
136
131
137
136
133
138
139
135
135
138
137
134
138
139
132
140
139
136
135
139
137
135
136
139
132
140
142
139
135
143
140
138
139
140
137
137
140
137
134
142
139
136
140
141
139
141
141
136
137
141
138
133
142
144
135
141
147
137
138
145
139
135
141
140
139
142
146
137
141
144
139
136
141
139
139
140
141
137
138
145
137
139
144
142
136
142
143
134
141
143
137
138
143
142
140
143
142
139
139
142
140
138
141
137
136
143
142
136
136
144
137
139
142
141
135
144
136
128
133
136
132
133
135
129
132
135
133
131
133
135
132
133
136
134
132
