140
143
136
136
146
133
140
143
142
137
141
144
139
141
146
134
144
143
141
137
139
145
133
146
141
140
141
146
141
135
146
141
137
141
149
139
137
147
137
139
143
146
134
147
141
139
139
148
138
141
143
143
134
146
142
136
138
146
138
140
143
140
139
141
146
135
145
144
140
142
143
142
136
142
146
133
140
146
132
144
143
140
138
142
141
136
141
148
136
145
144
141
139
145
137
134
141
145
135
143
143
141
141
141
139
139
143
141
136
136
143
136
136
144
138
136
140
140
137
141
139
132
132
139
132
131
137
137
131
132
136
126
128
137
127
129
134
132
123
132
135
131
133
134
128
132
136
137
127
137
133
129
133
135
129
133
137
137
128
134
136
130
132
139
132
130
136
128
130
136
137
126
135
135
127
135
136
132
133
130
136
128
134
141
129
135
137
134
129
138
137
125
136
135
130
138
139
131
134
137
136
128
138
139
131
134
135
132
134
137
133
125
136
136
128
137
138
131
132
139
135
129
138
137
131
136
138
131
136
139
135
135
138
137
129
135
140
128
139
137
134
131
141
142
127
138
139
134
136
142
135
