120
122
122
120
123
118
116
125
118
113
121
118
116
122
121
118
114
116
126
125
120
121
123
123
122
118
119
124
120
121
122
117
123
123
122
120
118
123
126
118
123
125
116
115
124
122
119
127
120
120
124
123
117
123
126
122
120
119
124
117
121
122
119
116
119
120
122
122
119
119
118
120
120
120
123
117
122
124
118
114
126
128
125
138
147
153
163
172
172
176
181
174
173
175
178
174
173
170
163
156
136
146
132
137
133
132
138
139
137
131
135
131
126
133
135
129
131
132
129
119
119
113
118
123
121
120
124
122
115
118
121
113
113
121
115
114
116
125
114
114
114
119
116
117
117
119
116
112
109
112
117
116
119
115
109
104
117
109
112
119
114
112
121
116
114
117
122
122
116
116
117
115
111
114
120
115
111
114
119
118
110
112
116
117
113
116
120
116
113
123
115
110
121
117
116
128
122
118
119
120
119
117
118
118
121
121
118
116
124
120
120
119
121
118
118
116
125
121
121
123
123
114
115
117
124
121
125
125
124
126
124
126
125
125
124
121
124
123
121
121
123
123
129
125
126
128
126
122
121
125
136
