140
138
134
139
141
138
136
139
137
136
137
138
132
140
139
131
138
143
138
135
142
138
135
141
141
134
138
145
135
138
141
137
136
135
143
135
140
143
139
140
141
139
138
140
140
137
140
141
139
140
142
140
136
140
140
135
137
140
133
138
140
138
137
140
141
136
141
142
137
141
146
148
150
162
159
158
162
162
156
161
161
154
159
158
157
154
158
154
151
152
154
146
136
139
125
126
126
128
123
128
129
126
127
129
124
126
128
124
122
131
127
126
133
133
125
129
130
131
129
133
131
126
133
133
123
130
130
131
129
134
131
127
135
133
125
131
135
130
130
135
130
128
133
134
129
132
135
129
132
137
133
129
135
137
127
135
139
131
133
135
133
132
137
134
132
138
138
134
134
135
133
132
135
133
130
138
138
131
134
139
133
133
137
134
128
137
136
132
139
137
135
135
139
136
130
136
138
131
140
140
133
136
141
134
137
139
135
132
135
137
133
131
137
137
134
142
136
132
136
137
129
134
139
134
134
141
137
132
141
138
133
136
139
133
134
138
132
130
135
136
128
134
136
129
133
136
130
129
137
134
0
