145
144
143
144
146
141
138
148
142
141
143
147
144
143
145
141
142
143
146
146
148
147
141
141
147
145
142
145
144
144
148
147
145
146
144
145
138
146
143
141
145
147
145
145
146
143
141
146
142
143
147
143
141
143
146
141
149
145
148
141
145
142
143
143
148
141
147
151
155
161
176
186
192
199
197
200
205
210
207
208
207
214
207
209
211
203
204
215
205
209
202
189
173
167
153
149
148
156
147
147
146
153
145
143
145
139
145
144
142
137
139
128
123
129
129
125
126
128
122
130
127
125
123
129
122
124
127
124
120
125
120
123
117
124
117
113
115
114
117
118
117
115
115
113
115
115
115
110
106
113
111
105
108
114
104
109
117
108
111
112
108
106
109
110
111
110
112
117
111
112
113
110
115
115
107
111
115
112
110
114
114
108
113
115
113
114
116
106
110
106
115
113
119
118
115
117
117
108
114
113
110
111
114
112
116
123
112
118
116
117
119
114
123
114
109
115
111
115
119
121
115
118
115
118
115
119
114
117
118
122
121
120
122
120
123
121
121
122
123
124
124
123
124
124
123
124
125
122
127
122
0
