139
143
138
144
141
145
141
135
140
144
140
145
144
139
140
146
140
136
142
144
137
143
143
137
144
145
140
139
145
143
139
142
142
134
143
144
140
140
141
140
134
147
144
137
139
141
138
141
142
135
138
141
144
137
139
140
137
140
142
135
140
143
140
135
141
141
134
141
142
136
136
140
139
134
140
139
137
140
140
135
141
143
138
133
139
141
137
142
141
135
142
142
135
140
144
143
141
145
146
141
143
145
138
144
148
144
141
145
142
139
144
144
136
130
133
129
126
131
126
123
132
131
126
130
134
129
133
135
131
127
127
131
132
133
137
130
131
138
133
133
136
135
133
137
141
130
133
137
133
134
135
137
131
135
137
130
137
135
133
135
136
133
131
138
138
129
133
139
131
136
136
134
135
135
134
133
138
136
132
140
138
136
131
141
139
134
138
140
135
135
137
135
136
141
136
133
135
138
134
140
139
134
134
142
134
132
137
137
132
136
137
130
137
142
133
137
138
134
131
138
135
133
133
141
133
136
139
131
137
137
137
129
136
134
127
130
139
130
127
137
130
128
133
132
128
135
137
127
132
140
140
