135
134
126
133
132
132
135
131
133
137
134
131
137
133
132
129
132
130
130
129
130
129
133
130
126
133
137
135
125
133
136
133
135
136
132
131
135
126
130
132
130
129
129
135
128
136
137
133
132
136
131
132
133
131
125
131
131
124
129
135
131
131
132
128
124
128
128
130
136
130
129
127
130
132
136
134
134
138
136
133
129
129
130
129
133
136
130
125
133
131
125
132
138
127
132
132
129
127
136
128
130
133
132
129
134
130
131
128
130
134
130
135
134
131
132
133
127
131
132
131
132
136
133
129
133
133
126
136
145
140
151
155
160
172
184
190
192
201
202
198
201
197
196
199
191
196
194
195
199
191
192
185
172
161
150
139
132
130
124
122
123
128
118
121
125
126
118
118
120
119
122
118
112
114
119
117
113
115
107
108
107
109
98
106
107
104
106
103
102
103
104
107
101
106
104
101
107
105
103
109
109
107
104
110
106
104
108
105
99
105
104
105
103
109
104
103
108
109
101
101
110
104
99
107
102
104
109
104
103
103
108
102
105
104
106
110
110
105
105
108
107
106
110
108
107
104
110
105
105
112
137
