118
117
118
116
113
123
122
118
121
118
111
117
115
116
118
120
121
110
117
124
111
117
118
113
120
114
122
117
117
121
117
117
126
118
121
116
123
114
120
120
113
118
117
112
122
117
124
118
120
120
119
122
122
120
119
124
118
121
123
116
116
118
122
116
124
122
126
122
126
116
121
116
125
119
117
121
119
118
123
118
113
118
119
114
120
117
111
113
110
117
110
122
118
115
118
118
119
116
123
126
126
127
125
117
125
126
126
128
129
121
129
123
130
122
128
126
126
140
148
146
168
166
172
176
172
183
175
172
178
177
172
181
156
155
139
131
125
130
128
127
129
130
125
120
127
121
124
125
129
119
124
124
124
116
119
114
113
122
112
121
117
117
118
111
118
119
115
121
119
114
116
125
114
120
119
110
113
117
117
114
120
115
117
117
125
116
122
123
119
116
123
119
113
122
121
119
116
124
118
115
123
119
117
118
121
114
121
117
123
119
122
121
121
120
126
115
116
120
120
116
118
121
113
122
122
118
122
121
121
119
124
116
121
121
116
118
129
121
125
120
121
119
116
120
125
120
127
120
124
121
121
