119
121
114
113
113
109
113
119
113
112
121
119
110
116
120
113
113
122
115
118
120
123
111
114
122
114
119
120
117
119
118
116
123
115
118
115
116
117
123
118
122
121
112
112
125
114
117
120
117
120
119
119
115
118
117
114
120
119
120
119
124
125
117
115
122
121
123
125
120
123
127
120
114
118
130
117
128
124
119
122
129
126
118
122
130
117
126
124
121
122
126
122
122
124
123
117
130
139
145
151
164
162
175
175
172
173
179
177
174
178
167
155
137
132
129
125
128
130
131
134
128
127
121
125
124
128
128
120
126
129
125
122
122
125
121
115
120
121
114
118
125
115
114
114
120
117
117
122
115
120
119
114
115
119
111
117
120
117
112
121
114
120
118
118
113
122
120
119
112
116
120
112
117
126
115
119
116
121
116
119
118
116
117
120
113
110
117
123
117
119
121
113
119
118
108
122
124
119
121
121
123
121
118
117
117
125
124
113
116
121
118
116
120
125
114
120
125
117
121
120
119
121
120
126
120
121
125
115
121
128
124
120
122
125
118
125
121
120
124
126
123
120
126
134
125
129
128
130
133
128
172
