132
127
132
130
128
128
132
125
125
132
131
131
135
131
125
125
134
130
130
134
129
122
133
130
127
134
135
124
129
123
132
128
130
121
126
128
132
123
127
125
129
124
126
132
120
126
129
122
128
133
127
132
135
134
138
133
136
133
134
133
133
133
134
132
133
136
138
129
129
139
131
136
141
128
131
130
134
134
139
137
129
137
139
137
135
135
133
129
131
139
124
132
138
130
137
132
135
129
136
135
128
132
140
131
135
134
133
128
132
137
132
133
135
128
133
133
134
132
138
134
130
133
131
134
133
139
135
139
146
152
164
171
172
178
179
177
178
179
186
180
176
165
152
137
135
130
132
133
131
127
125
126
128
133
131
134
128
123
125
124
123
123
126
122
133
128
125
125
126
133
121
127
124
122
125
126
123
128
123
120
121
116
124
114
117
123
120
121
125
119
118
121
126
119
121
119
115
123
123
115
120
121
119
111
122
124
121
123
119
119
119
118
119
119
117
121
124
119
120
118
124
116
122
122
119
121
110
119
122
116
123
120
119
118
119
125
119
124
125
121
126
123
128
124
121
124
119
121
125
121
0
