125
120
127
130
124
129
129
122
123
130
124
126
129
127
125
125
126
125
119
125
125
125
125
123
121
123
123
123
126
127
126
124
121
123
122
125
120
119
122
121
123
117
125
121
117
120
124
120
120
127
119
120
124
124
117
119
124
118
123
128
121
122
127
124
117
118
125
123
125
125
119
123
138
139
148
155
165
164
172
184
173
182
175
182
182
187
177
174
178
178
167
166
151
137
119
127
119
118
122
122
119
116
129
119
115
120
113
112
121
119
113
114
114
115
102
110
105
99
106
108
103
106
104
101
103
103
102
103
108
103
104
110
109
101
102
103
104
104
101
102
100
105
100
105
97
108
101
102
103
104
99
104
104
107
106
111
97
106
108
98
102
105
101
99
105
102
108
106
104
100
104
106
110
101
106
100
106
103
106
105
109
102
102
111
110
107
110
112
110
111
107
110
113
104
106
113
106
116
110
117
105
109
104
110
121
108
118
120
111
109
113
108
110
124
118
124
121
126
123
125
123
129
121
124
129
122
123
129
121
127
126
124
127
129
129
124
124
129
121
117
120
114
117
127
121
117
118
114
111
121
116
