125
122
127
126
121
129
128
121
127
129
126
129
132
128
119
131
127
122
128
127
119
126
125
121
126
128
127
125
127
128
123
126
127
127
124
130
131
124
126
130
122
125
128
125
123
130
127
119
134
127
122
128
132
125
125
130
131
121
127
131
121
131
131
126
130
129
125
128
129
127
127
130
130
129
131
129
126
125
128
132
129
133
134
130
132
136
129
129
138
135
123
132
126
117
125
120
125
118
125
126
120
119
127
122
124
126
127
127
127
129
122
130
130
122
126
129
124
127
129
127
128
128
128
126
127
131
127
129
131
128
130
133
128
123
133
132
125
134
136
127
129
133
135
126
136
133
131
130
134
130
133
134
131
130
133
133
130
137
134
125
137
136
132
135
136
125
133
136
132
129
138
137
135
136
137
128
136
138
131
134
139
133
132
140
136
132
139
137
130
136
141
134
133
143
137
133
138
141
137
137
142
138
133
144
141
134
135
139
138
142
138
137
139
141
138
131
134
138
131
135
134
133
132
135
133
137
137
138
135
135
138
135
132
137
136
130
138
140
132
138
141
137
138
139
140
136
140
140
137
141
129
