136
131
128
133
125
128
130
131
127
132
136
130
138
129
135
130
137
128
128
128
130
128
129
124
129
128
126
128
128
134
135
128
129
128
125
126
132
133
133
128
129
125
132
134
126
126
129
121
127
125
126
124
130
128
126
122
129
116
128
127
125
123
125
125
124
128
130
123
128
126
124
126
125
123
121
127
125
125
127
131
137
141
153
153
163
173
173
177
173
175
166
176
172
169
154
141
134
127
127
125
124
123
123
126
125
130
126
127
127
125
117
122
129
115
121
124
121
116
116
117
112
122
118
117
116
121
115
113
113
116
107
119
111
113
107
119
104
114
113
117
111
115
109
111
111
113
113
116
116
115
119
122
126
118
124
123
119
117
126
120
124
120
118
111
114
114
116
114
117
116
112
117
110
111
113
118
111
120
118
118
117
114
117
107
114
116
112
110
117
114
112
116
112
118
119
119
110
120
119
112
118
120
110
110
119
107
111
113
111
114
114
121
114
121
113
123
116
115
115
110
116
125
116
117
120
118
115
124
118
123
126
126
128
115
125
118
120
128
127
120
124
129
117
117
129
120
127
123
126
122
102
