135
139
144
137
137
140
136
134
143
144
136
138
141
137
133
136
136
133
137
134
132
135
135
136
128
133
139
127
134
138
128
131
138
130
129
139
131
129
136
132
129
130
131
129
132
134
132
132
131
136
123
133
133
128
127
136
129
130
132
132
124
134
131
129
131
132
125
130
135
131
126
132
132
124
133
130
124
128
126
128
122
130
125
119
127
128
125
124
136
127
126
130
127
119
126
118
114
111
118
118
114
118
121
112
120
121
115
118
121
119
120
122
124
118
120
127
117
123
127
127
123
125
129
123
128
130
125
126
129
126
132
132
133
122
129
131
128
129
131
129
126
132
131
123
131
133
128
132
134
129
128
138
131
128
134
130
129
131
132
131
128
137
130
127
134
135
130
136
135
130
137
136
137
132
140
136
128
135
134
129
133
141
135
134
137
136
134
136
142
130
135
137
136
132
142
133
135
137
140
130
137
139
138
139
140
139
133
140
141
132
139
141
136
140
146
137
137
140
136
131
135
138
133
136
137
133
131
137
136
128
135
132
126
134
132
129
128
134
130
128
136
133
125
136
137
127
134
134
132
135
135
