117
127
127
124
121
130
125
122
128
127
120
125
126
125
124
130
127
121
130
129
120
126
136
127
127
134
130
130
131
130
126
129
133
125
127
133
128
128
133
132
128
131
133
128
131
136
128
129
134
132
130
134
134
131
133
133
131
130
133
135
128
134
138
127
129
136
129
133
136
129
132
135
133
132
134
137
134
134
137
131
126
139
134
130
138
137
128
135
135
130
135
137
135
133
139
137
132
138
135
138
142
143
145
134
137
140
132
139
137
132
136
139
136
133
138
138
127
135
129
121
123
132
124
121
131
132
125
133
132
124
134
131
126
133
132
130
132
134
130
129
131
134
127
133
138
132
129
134
134
129
133
139
132
132
137
130
133
137
133
131
139
134
132
133
135
135
133
139
137
132
136
138
133
136
138
135
133
140
138
132
141
139
133
137
137
138
137
138
138
133
139
141
133
137
142
136
131
142
138
133
143
136
131
142
142
136
138
144
140
137
144
142
136
140
143
140
138
144
141
137
143
144
135
143
147
137
142
145
142
141
146
143
140
145
144
139
143
145
142
142
146
144
138
146
146
141
141
140
131
132
134
