136
132
136
136
139
136
135
136
129
131
136
137
139
135
132
140
140
130
138
132
141
137
143
142
136
138
139
138
135
141
138
141
142
134
138
138
136
135
138
133
141
131
138
138
135
141
135
140
137
143
141
154
161
171
174
186
184
189
188
187
198
197
195
196
197
189
198
190
203
188
170
167
158
144
146
139
145
137
144
140
139
142
135
138
136
139
134
139
138
136
135
128
132
127
123
125
128
122
124
125
119
119
125
123
123
122
122
121
124
122
122
118
122
118
122
122
121
120
120
118
117
114
123
115
121
121
117
118
125
119
113
119
118
110
119
119
112
115
121
116
114
117
114
115
115
119
116
117
123
116
113
120
113
114
118
123
114
117
118
114
110
118
117
112
122
121
119
118
116
114
117
121
120
117
119
123
118
124
121
127
119
121
116
117
121
123
111
122
118
118
114
122
120
119
120
121
119
121
117
115
117
116
121
115
125
124
122
123
121
114
114
123
118
116
120
120
121
119
115
114
125
123
121
116
118
127
115
117
118
118
121
120
117
122
126
119
122
125
114
115
118
115
120
119
123
123
118
124
121
117
136
