125
126
121
125
120
121
120
123
121
116
122
124
113
119
120
121
115
126
124
116
125
125
117
122
128
122
120
125
123
118
125
125
120
123
129
122
121
127
126
121
127
124
121
120
123
120
125
127
124
118
125
127
120
129
125
119
122
122
124
120
127
124
124
130
122
126
122
125
120
127
125
123
123
129
123
122
124
123
122
122
121
130
120
125
129
122
122
124
126
126
120
111
98
93
90
79
76
71
71
70
72
73
67
71
73
79
71
76
72
74
70
77
74
92
92
113
118
131
134
139
140
139
142
144
138
141
143
140
141
148
143
140
147
142
140
144
142
141
146
152
143
139
146
149
147
148
149
143
146
151
150
144
148
153
146
147
153
143
144
147
143
143
144
148
145
147
150
144
145
150
145
146
149
151
141
145
146
145
143
146
149
142
145
140
142
148
151
142
150
145
145
139
146
141
144
147
146
141
144
140
140
136
147
139
138
150
140
141
141
138
138
138
148
135
139
141
136
137
141
140
135
134
145
134
138
142
140
139
137
143
141
131
141
135
134
137
137
136
139
133
134
139
139
129
135
137
135
129
131
137
149
