133
142
140
134
140
142
133
139
140
138
137
143
138
138
141
142
134
142
142
137
140
146
139
138
141
142
135
143
144
136
140
144
139
136
143
141
136
143
144
138
141
141
138
139
143
142
136
144
143
139
139
144
140
140
143
143
136
144
144
134
142
144
141
142
144
143
136
145
143
136
144
144
138
141
145
142
139
145
142
137
141
144
139
142
144
141
138
145
143
138
143
144
139
141
144
140
139
143
139
133
136
135
127
131
129
120
127
120
118
123
121
123
124
122
125
126
122
126
125
124
124
129
129
126
131
132
126
130
134
128
132
133
131
130
135
134
129
134
138
134
137
139
136
131
142
137
134
138
141
135
137
141
137
134
141
137
134
140
142
134
140
144
136
137
143
137
134
141
140
135
138
143
138
136
143
140
136
143
141
136
141
141
137
142
142
139
138
142
141
134
142
141
138
141
144
140
137
145
144
137
145
144
136
141
147
139
139
146
143
140
145
144
138
143
147
141
141
147
144
141
147
144
140
144
146
143
142
147
144
141
144
144
139
144
146
141
142
142
139
133
140
139
131
140
138
134
136
140
138
135
136
