136
141
137
133
140
140
133
140
141
134
136
142
135
137
141
140
134
140
141
135
137
142
136
138
142
139
136
138
142
135
141
147
136
139
143
138
137
143
140
136
140
143
137
141
142
138
139
144
141
136
143
143
135
141
143
137
140
144
139
138
143
143
136
141
145
141
139
147
139
137
146
142
136
143
143
137
141
146
141
140
142
143
139
143
145
138
142
144
141
141
145
141
134
141
142
140
148
150
139
139
134
133
131
130
131
134
125
127
134
129
129
129
122
130
130
124
131
131
124
131
132
127
130
136
132
131
136
133
129
136
136
130
134
138
134
133
135
136
133
137
141
131
137
139
132
131
138
133
131
136
137
130
137
140
133
135
138
135
132
140
140
132
139
138
131
138
139
132
135
139
136
133
140
139
134
139
142
139
135
141
138
133
141
141
134
140
142
136
139
143
137
136
143
141
134
142
142
136
141
141
138
137
143
142
138
143
143
137
144
145
137
137
143
138
139
143
143
139
140
143
135
137
145
137
137
143
140
134
143
140
137
138
142
140
137
144
142
135
141
140
129
136
140
134
133
138
137
134
139
140
134
