128
130
126
127
126
132
132
134
131
127
133
129
124
127
133
134
130
136
125
130
133
133
127
133
133
130
131
131
129
129
130
131
130
133
135
131
130
135
129
131
135
134
130
132
135
127
136
133
134
128
134
130
130
132
130
125
130
133
130
126
135
123
133
131
129
123
134
130
124
128
127
126
132
133
132
128
126
131
119
122
136
128
127
131
130
119
122
127
123
124
123
129
122
137
124
123
126
129
127
125
132
129
121
132
125
122
129
133
122
115
108
92
92
90
75
78
74
71
73
70
70
73
73
73
78
75
76
79
70
79
88
94
115
120
127
140
145
148
144
149
145
148
147
149
143
147
150
147
148
150
148
150
150
155
148
151
152
150
147
145
142
142
147
143
145
146
145
144
138
142
137
143
145
144
139
143
144
137
142
145
142
146
144
142
136
141
145
143
144
145
141
141
146
148
140
145
143
143
147
145
141
147
145
144
149
145
145
140
145
148
144
142
143
139
140
145
143
134
141
147
137
141
144
142
139
146
138
141
143
141
141
142
139
142
145
141
139
136
142
137
138
142
144
140
141
138
137
139
137
141
125
