134
140
140
133
142
142
136
137
144
137
135
142
137
131
142
139
134
138
143
136
135
141
139
131
143
140
130
139
141
136
137
141
136
133
142
143
131
138
141
134
138
141
137
135
141
136
135
140
143
131
139
139
137
134
141
138
135
139
137
135
140
142
134
137
141
138
131
141
144
137
140
140
135
137
141
138
135
141
141
136
139
140
129
137
130
119
125
121
118
119
117
119
120
113
117
121
118
119
120
120
127
124
118
130
128
124
128
133
126
128
131
127
128
133
134
130
132
135
127
134
135
134
129
139
138
132
141
143
138
137
142
138
137
139
142
136
142
143
140
140
146
140
137
141
142
140
144
142
138
140
143
141
141
149
146
136
143
143
136
140
144
139
140
142
141
140
145
142
138
140
144
139
141
146
144
136
146
145
139
146
147
138
140
145
146
138
144
144
138
146
146
139
145
149
142
140
142
147
137
149
143
140
144
150
143
139
144
147
140
146
145
137
142
148
140
142
148
141
140
147
148
138
146
146
138
145
143
141
135
142
142
133
141
141
131
139
142
136
137
142
137
135
139
140
131
138
142
137
136
138
138
