139
137
133
139
141
132
140
141
133
135
139
138
136
140
143
132
140
141
134
138
140
137
135
140
140
134
141
142
135
141
140
135
137
142
138
135
142
141
135
140
143
139
138
143
139
137
140
141
137
140
143
139
139
145
139
138
145
140
136
142
142
135
139
143
139
140
142
141
137
141
142
135
140
143
138
137
146
141
136
142
142
138
141
140
140
140
142
141
138
143
143
135
142
143
138
138
149
142
140
144
144
135
143
144
136
141
144
144
136
141
138
132
142
134
128
131
129
128
133
128
129
132
128
128
131
125
128
135
128
131
124
126
129
121
127
132
132
127
132
136
128
131
135
133
130
135
135
129
135
137
128
135
138
133
133
137
136
131
136
138
131
134
137
134
133
140
135
133
139
140
129
139
138
135
135
143
136
133
140
137
134
137
138
133
135
141
134
135
140
139
134
140
141
134
138
140
137
134
141
140
134
141
143
135
138
144
138
138
144
142
136
144
142
135
145
143
138
141
146
140
138
145
142
136
143
145
137
144
145
142
138
145
142
135
140
141
132
139
141
136
138
141
139
135
138
141
137
140
145
140
133
