129
129
137
122
134
133
128
126
133
133
126
128
135
123
135
131
129
128
133
130
127
135
128
130
131
133
132
132
133
131
129
134
131
134
130
138
129
134
134
131
127
132
132
132
134
134
126
132
131
130
126
129
138
127
135
138
127
131
132
125
131
132
137
130
135
132
135
133
133
129
129
132
133
131
130
130
129
130
135
132
139
132
134
131
132
128
123
131
129
130
131
135
134
126
131
135
130
131
128
116
108
99
94
90
87
83
84
84
79
84
83
81
89
83
91
96
116
118
133
142
142
145
144
146
143
144
146
148
152
148
142
143
144
141
147
147
142
140
145
139
143
149
140
138
143
144
142
143
145
141
136
144
142
137
143
147
143
141
141
138
139
145
147
139
143
144
133
144
144
140
144
145
143
137
146
148
139
144
145
139
143
146
137
140
145
144
142
146
143
137
140
146
138
138
144
149
137
139
146
143
140
142
141
138
143
142
137
143
148
137
143
143
144
137
147
138
136
141
138
133
140
134
138
133
138
137
136
135
139
136
140
136
132
130
138
135
135
139
142
136
138
140
125
134
136
133
137
136
136
132
134
