129
136
130
126
133
129
125
130
136
126
131
135
127
124
134
131
125
131
134
128
129
132
129
131
134
135
124
132
135
128
131
134
130
130
135
133
128
134
136
127
135
137
130
131
136
136
128
135
137
128
136
139
128
134
137
131
131
135
134
130
136
136
131
132
137
133
132
138
139
133
138
137
131
138
138
131
133
139
134
130
139
136
127
134
135
130
139
139
128
136
129
123
127
123
119
126
122
122
124
121
125
126
119
127
127
122
131
133
124
123
134
132
123
134
135
126
132
134
132
129
137
137
128
135
136
129
134
137
132
132
138
135
133
135
136
131
140
138
133
140
140
136
132
139
139
135
139
140
134
136
143
137
137
137
138
136
137
142
132
139
143
140
138
142
137
136
140
142
134
139
142
138
134
142
140
136
144
141
133
143
144
138
140
143
139
136
139
137
135
142
145
131
143
141
136
138
142
138
137
139
142
138
138
143
132
138
144
139
131
143
145
134
142
143
137
136
140
136
135
139
136
134
140
141
131
139
140
135
134
135
137
130
137
136
132
134
140
134
134
141
131
133
139
138
130
138
139
128
135
136
135
