135
127
135
126
127
132
129
135
132
133
132
128
129
134
126
132
128
127
133
133
134
132
137
127
130
133
129
138
130
129
128
130
134
131
131
132
132
133
131
135
127
132
130
133
133
131
133
135
127
130
134
130
130
125
129
128
129
131
133
132
130
134
125
127
130
130
131
134
132
131
135
132
130
128
132
131
130
135
134
126
132
121
116
102
94
89
83
80
76
75
72
70
82
80
78
75
77
81
80
75
78
84
97
107
119
132
137
140
145
142
150
148
141
146
147
147
148
146
148
149
146
150
148
147
144
143
143
150
144
141
145
137
140
145
140
144
144
144
136
143
145
144
144
140
141
142
148
142
141
138
144
144
140
148
147
141
144
150
141
140
142
147
139
140
146
141
138
144
138
140
141
144
142
140
144
136
139
138
134
140
142
139
132
143
141
135
143
138
138
136
145
136
141
142
135
135
131
136
131
142
134
140
133
137
137
132
136
137
129
135
132
133
134
134
129
125
139
132
131
134
137
133
131
133
133
130
130
134
129
128
133
126
129
137
129
132
132
132
133
125
135
126
127
129
124
130
131
130
129
132
153
