126
134
140
132
136
136
131
135
135
132
134
135
140
132
135
140
131
134
139
142
130
134
137
130
133
131
132
131
129
138
131
130
136
132
132
139
132
128
130
135
132
134
139
133
135
139
134
132
139
134
129
132
135
131
141
139
131
137
138
131
133
140
138
127
134
135
133
132
137
133
131
138
137
130
136
133
126
115
111
99
97
95
86
89
83
81
80
80
83
81
80
83
84
85
82
83
85
85
97
98
110
126
135
140
148
144
144
149
145
143
141
146
150
145
151
147
148
148
152
149
149
149
144
149
149
147
149
149
149
144
149
151
148
148
149
151
147
153
147
145
149
149
145
149
151
144
148
152
147
144
152
146
142
147
147
151
141
149
142
149
143
148
138
147
146
142
149
145
145
140
147
143
141
145
145
137
141
142
141
140
148
141
143
144
139
140
137
145
136
143
147
142
136
144
137
142
142
153
137
138
144
141
135
141
138
142
136
147
134
144
138
138
134
134
138
133
133
140
131
134
133
134
128
129
136
128
136
128
132
132
135
127
123
133
130
125
126
134
124
129
124
123
126
125
127
118
127
130
117
123
145
