135
130
134
136
129
126
137
130
129
133
136
131
127
136
134
128
136
135
129
135
139
131
131
138
133
130
139
135
128
135
139
128
134
137
134
132
138
136
131
138
140
129
136
141
133
133
139
138
131
138
140
131
140
140
133
135
140
138
133
138
139
133
140
139
136
136
137
140
131
142
141
136
139
140
134
139
142
142
136
143
137
134
141
143
136
139
143
138
136
143
140
135
142
144
136
139
140
141
138
143
142
134
140
145
134
140
141
136
136
142
140
135
142
146
136
141
141
139
139
147
139
135
142
146
136
142
141
136
137
137
132
123
129
124
116
121
119
114
121
116
118
120
112
117
122
115
116
123
116
124
122
122
123
132
128
126
134
133
130
138
131
128
137
141
126
137
141
135
134
144
138
134
145
141
134
142
144
142
140
145
145
134
145
140
141
144
149
139
140
145
147
135
142
144
142
140
142
143
139
147
145
140
143
146
139
139
146
141
133
143
141
135
146
144
140
142
145
143
135
147
144
140
146
144
140
144
147
143
140
147
146
139
144
148
139
142
148
141
145
149
141
133
143
140
130
141
139
131
136
144
173
