130
128
130
129
132
122
129
132
130
131
132
131
129
130
133
126
127
132
128
133
130
127
131
135
133
132
129
134
126
132
129
125
125
131
132
130
131
131
131
131
132
132
126
125
129
128
130
131
126
129
133
130
126
130
131
125
125
132
126
131
132
129
130
132
127
125
132
131
128
132
135
127
125
129
125
127
126
132
124
126
128
126
127
131
131
126
126
128
130
128
130
126
126
127
127
129
130
128
127
127
131
129
132
132
133
128
131
134
129
134
135
128
136
138
126
130
134
133
133
132
135
128
130
130
126
123
133
130
119
118
108
102
92
93
87
85
86
81
80
84
80
85
82
81
81
81
87
88
82
95
107
115
123
140
143
142
143
149
147
149
148
142
146
151
147
148
147
148
144
146
148
145
143
151
145
149
148
146
143
143
145
141
149
146
149
143
146
144
141
147
154
142
148
150
142
145
151
139
142
143
148
143
143
146
142
145
147
149
145
145
145
147
146
144
142
143
145
141
143
147
149
143
147
143
140
145
141
142
143
141
143
138
137
137
144
140
141
140
137
144
142
144
143
150
146
144
148
149
146
149
121
