139
131
135
134
137
129
139
136
135
136
136
134
131
141
134
136
136
136
129
135
141
131
134
138
131
132
134
139
131
138
136
135
134
139
135
134
139
137
127
136
138
133
135
141
132
134
140
136
129
138
135
133
132
137
136
135
136
140
128
140
137
134
133
137
137
133
137
137
132
136
141
133
138
142
135
138
141
140
135
136
137
133
138
139
135
139
138
140
134
140
142
133
136
140
137
139
140
141
134
140
139
136
137
144
134
139
140
141
135
138
138
131
139
139
137
137
137
136
128
133
132
124
130
125
121
129
122
123
127
121
126
133
122
127
129
125
128
128
121
128
124
124
128
122
125
132
123
127
131
127
131
138
129
130
139
135
136
138
135
132
134
140
137
135
137
142
132
140
141
136
141
138
139
133
143
143
133
141
140
137
138
144
136
137
140
144
137
140
144
139
135
147
136
134
144
142
137
143
141
140
138
148
137
142
144
145
134
149
139
143
141
143
140
143
143
149
135
147
144
141
142
149
137
144
140
143
134
144
140
132
136
141
131
138
134
139
128
141
138
132
141
136
138
130
141
133
134
139
140
135
153
