133
134
132
131
133
130
127
134
137
125
134
138
126
132
139
131
128
139
135
127
133
133
131
132
137
132
130
135
135
129
135
137
127
134
138
131
129
136
135
132
134
133
126
136
135
129
132
136
133
127
136
137
130
134
136
134
132
135
133
128
138
136
132
137
141
132
132
135
139
129
135
135
127
139
137
134
136
139
132
131
141
139
132
137
136
132
137
140
133
133
138
137
133
134
136
129
126
134
126
129
128
122
128
127
119
127
127
119
126
124
120
124
122
122
127
121
125
129
121
126
125
121
122
131
127
121
131
132
123
129
135
124
132
132
131
126
133
135
126
135
142
136
136
139
142
136
141
140
134
142
141
134
141
140
139
131
148
144
135
141
142
132
139
138
138
135
138
141
133
146
143
133
138
144
134
134
140
138
134
142
141
133
145
141
139
136
143
144
132
141
142
136
141
141
139
134
144
139
132
139
141
133
139
141
139
136
141
140
134
142
140
130
141
139
135
135
139
136
135
139
138
136
137
140
136
135
140
138
132
139
140
130
138
143
133
135
144
135
133
142
139
128
135
131
125
129
136
128
133
131
134
