134
129
130
134
130
130
131
129
126
134
135
129
128
132
132
128
130
130
133
131
135
134
135
136
130
133
134
133
134
137
139
129
135
136
131
131
136
136
133
139
132
129
135
138
134
137
137
133
129
137
138
131
136
136
134
135
140
130
132
142
134
131
139
143
131
140
140
133
136
141
134
133
140
139
133
138
145
132
138
145
138
134
143
139
132
139
143
135
135
145
139
135
140
137
132
132
134
124
130
127
125
131
126
125
129
124
126
131
124
128
130
123
132
129
121
127
127
125
131
129
124
128
137
130
125
137
130
123
133
135
129
132
137
132
133
136
135
134
139
141
131
138
142
136
137
142
140
132
141
146
138
138
144
136
140
142
138
133
143
142
136
141
139
136
141
145
137
138
145
141
136
143
146
136
142
147
142
142
146
142
138
145
144
135
144
146
139
141
143
142
140
145
145
139
144
145
136
143
149
142
140
148
148
136
147
151
144
144
147
142
144
147
147
138
146
145
143
145
147
145
142
151
151
138
150
151
138
144
150
144
143
148
145
138
143
144
134
143
143
137
140
147
139
137
142
145
138
144
147
138
194
