131
129
131
128
130
133
127
131
133
130
128
135
133
126
134
133
127
131
135
127
131
136
133
129
137
136
130
134
138
130
132
136
135
129
137
137
131
136
138
131
131
135
132
127
136
137
128
134
137
129
133
137
133
134
139
134
130
136
136
130
137
139
133
136
139
136
131
138
138
131
136
138
130
135
139
135
134
137
138
133
138
139
133
138
138
134
134
138
140
131
140
140
135
138
137
133
133
136
129
124
130
125
122
127
122
119
124
119
122
126
118
121
123
121
125
125
116
129
127
121
127
122
116
125
128
122
128
131
122
130
135
125
126
130
129
124
133
132
130
134
134
130
131
136
132
126
134
133
126
133
135
134
133
138
135
130
137
137
129
136
138
130
137
140
136
137
139
138
133
139
141
135
140
139
137
137
139
140
134
139
142
134
140
142
137
137
143
139
138
144
145
138
141
146
138
140
144
141
141
144
145
137
146
145
140
146
148
144
143
148
145
144
145
144
140
142
148
140
145
148
145
140
148
148
141
145
150
142
145
145
145
139
144
142
134
139
140
137
139
143
136
136
143
139
139
142
142
137
142
144
100
