125
132
131
125
131
128
129
128
133
136
131
130
132
132
122
131
128
129
131
134
127
125
130
126
125
134
126
130
130
133
125
128
129
126
123
133
128
132
129
128
124
125
132
123
130
127
131
124
132
129
123
125
133
126
124
133
128
132
128
129
127
125
126
126
124
130
131
127
126
133
122
125
132
118
131
128
124
124
128
134
119
125
130
117
130
128
126
128
126
132
126
127
135
122
130
126
126
123
129
125
128
127
127
125
129
126
126
119
118
117
114
120
112
112
116
114
110
113
112
110
116
110
110
114
112
115
121
119
124
132
131
135
136
133
132
137
134
134
133
140
134
136
134
136
128
134
141
129
130
137
127
130
132
134
123
129
136
130
128
134
122
129
129
132
123
132
137
130
134
137
129
132
134
136
125
138
132
129
132
134
134
126
138
136
130
128
135
133
131
137
128
136
135
136
124
136
128
129
138
136
128
135
134
126
128
140
127
127
136
132
129
127
135
132
122
136
131
127
138
133
124
135
134
120
130
135
130
133
131
135
128
134
130
126
128
133
132
130
132
132
129
129
136
130
128
140
126
126
135
123
137
