135
136
138
133
135
136
132
136
138
132
133
136
134
137
141
133
131
139
139
135
139
135
134
138
138
136
133
139
138
135
141
136
132
136
138
134
134
138
136
131
140
139
133
138
140
136
131
137
136
132
139
138
132
138
141
135
135
141
140
136
138
136
138
140
139
135
134
139
139
134
142
138
132
138
137
134
142
142
137
135
142
140
134
142
142
133
138
140
139
137
135
139
132
140
132
125
125
118
108
106
103
97
92
94
90
92
96
92
99
99
92
105
115
121
134
148
145
146
149
141
139
144
140
133
140
139
140
138
141
136
137
145
140
134
147
142
138
139
145
143
142
147
145
140
146
144
138
145
146
143
143
146
142
141
147
147
142
145
147
149
146
146
141
144
146
147
143
149
148
143
145
147
145
143
146
148
141
148
148
142
148
146
143
148
150
147
143
146
148
146
147
149
141
148
150
146
145
152
150
145
145
145
142
146
150
147
145
149
144
143
147
145
146
144
147
142
143
149
144
142
151
142
144
146
145
141
141
147
141
142
146
145
144
145
144
144
145
146
145
143
146
144
140
146
148
137
145
145
140
140
120
