127
135
130
135
129
127
133
131
130
132
130
128
128
129
131
124
132
134
129
127
134
131
124
131
131
125
131
128
127
133
128
128
127
132
133
124
129
128
127
131
128
127
125
131
125
124
133
127
122
132
128
124
129
131
131
124
131
128
126
132
131
124
125
129
126
129
128
129
123
130
131
124
128
132
128
125
131
128
121
128
127
128
124
129
126
127
131
126
121
126
130
122
126
130
124
125
131
126
123
128
130
126
124
127
128
124
128
128
126
131
126
122
126
118
111
108
106
103
89
95
88
88
90
87
90
91
88
94
92
86
95
93
98
111
124
128
141
135
137
137
132
131
128
133
133
126
134
134
127
135
136
132
132
136
138
130
139
136
133
138
139
132
138
139
136
137
138
140
135
139
141
135
143
139
134
141
139
142
135
144
140
136
143
142
140
139
142
142
138
145
139
139
144
145
137
142
143
141
139
144
146
139
140
143
139
143
144
142
139
143
142
142
143
145
140
142
143
142
140
143
143
139
143
142
136
147
140
139
141
143
141
137
144
139
139
144
143
138
139
144
143
135
143
140
139
144
142
139
139
143
134
