126
122
137
125
127
126
128
130
133
127
124
131
126
128
127
130
124
127
132
135
124
127
132
128
129
131
132
128
127
133
123
128
130
123
134
138
130
128
134
125
117
127
127
121
135
132
131
131
136
124
129
132
131
123
136
130
122
127
131
124
124
134
129
126
132
134
125
126
133
124
133
130
132
130
130
135
124
133
132
131
132
132
133
124
127
132
132
133
127
135
131
135
128
130
134
124
129
130
137
128
131
136
126
127
137
127
130
135
130
133
132
125
133
129
129
131
132
130
131
131
127
136
121
122
131
122
119
122
124
115
118
118
118
123
125
119
121
122
121
124
124
118
123
124
125
134
133
136
138
140
144
140
142
147
137
137
148
141
140
142
137
141
147
145
137
139
143
134
137
146
132
129
146
135
133
138
133
143
134
137
132
134
135
134
133
136
141
135
134
134
138
135
134
139
137
133
143
129
136
136
136
134
133
141
131
139
137
129
138
135
136
132
141
137
132
133
136
138
138
139
139
142
133
130
138
138
133
133
140
139
133
133
135
133
137
136
135
139
137
133
127
139
134
130
135
137
138
134
134
137
129
