131
129
123
135
121
126
132
124
131
132
128
127
131
130
130
132
129
128
128
137
125
128
131
134
122
131
124
128
129
139
127
125
127
130
132
125
136
127
132
139
126
127
133
135
128
131
135
129
128
136
127
130
131
129
131
131
135
128
135
132
128
135
131
128
136
137
132
135
128
134
129
128
133
133
132
137
131
136
134
137
127
137
132
138
134
138
137
132
131
130
133
132
137
129
136
133
135
134
135
132
130
133
138
127
134
124
131
123
126
124
121
120
124
119
122
122
118
119
118
118
117
118
121
120
125
127
139
146
140
139
145
144
141
142
148
140
141
144
145
140
149
148
139
146
143
145
145
138
136
142
142
139
136
142
144
137
142
137
138
138
140
139
138
142
134
132
144
138
133
138
139
141
130
137
143
135
139
138
134
137
137
139
129
141
139
141
137
139
135
134
135
137
133
138
136
138
133
142
135
139
135
133
140
133
138
129
142
131
131
137
138
132
130
142
131
133
135
138
133
131
140
129
130
135
133
133
135
138
130
133
138
128
139
135
132
132
140
130
130
132
137
129
135
136
129
134
138
127
134
134
125
