128
126
121
125
126
124
129
126
128
121
130
127
119
128
126
124
127
125
128
122
129
125
125
126
129
124
127
128
121
126
128
126
124
127
127
124
125
130
124
124
129
127
125
132
129
122
130
129
125
125
130
126
122
132
127
123
129
129
128
129
130
127
123
134
128
125
131
132
127
125
130
128
126
132
129
122
134
130
126
127
127
129
128
134
129
124
133
127
123
125
122
115
110
111
100
99
97
95
93
95
92
99
98
93
96
95
99
111
126
125
137
137
137
135
135
135
130
132
134
130
138
133
133
134
138
136
132
138
134
134
137
136
136
135
138
141
132
140
141
135
143
139
137
141
139
141
135
142
140
136
144
141
137
144
139
139
135
145
140
142
145
140
138
142
140
142
137
142
140
140
146
140
137
145
140
140
140
144
141
141
145
145
138
149
141
142
139
146
138
136
146
141
138
146
139
137
144
142
137
140
144
143
136
148
140
140
144
140
141
139
145
141
140
143
141
139
143
139
141
136
144
138
138
143
140
138
143
141
141
139
145
140
138
140
137
130
137
135
129
137
140
133
138
139
132
132
139
136
133
132
144
