129
129
135
132
127
126
131
134
127
131
135
126
130
136
129
126
135
132
128
130
136
126
130
133
131
132
135
131
127
135
135
127
133
133
132
127
135
132
126
136
129
130
132
129
130
137
136
132
131
133
131
130
134
133
128
131
140
129
135
135
134
131
136
133
130
138
133
131
131
134
134
132
137
135
130
134
138
128
134
132
129
131
133
135
133
134
137
127
131
133
132
130
139
132
133
136
133
130
140
136
136
137
134
133
127
130
127
114
121
111
111
103
111
101
101
105
104
96
105
111
103
128
137
141
139
147
140
132
139
140
129
137
137
134
135
143
135
135
138
141
134
140
139
139
135
143
134
139
142
142
138
146
141
138
147
143
143
142
147
144
141
147
148
139
150
143
145
140
148
144
139
145
145
141
145
149
139
148
145
144
140
148
142
142
147
147
143
144
145
146
141
147
142
141
144
146
140
148
145
145
141
147
143
140
145
147
138
145
143
141
140
145
144
138
145
143
138
144
142
141
143
144
141
137
145
142
143
143
142
140
141
145
138
143
140
143
137
142
140
139
142
145
136
142
141
141
138
144
142
136
142
