120
132
120
127
126
125
120
125
122
118
121
122
120
127
128
125
119
125
125
118
129
125
119
122
128
122
118
125
127
119
121
128
124
123
119
117
122
127
126
122
128
124
124
121
128
122
119
129
128
121
126
122
119
125
127
121
119
126
122
123
119
122
125
123
131
129
122
130
128
119
130
126
122
130
126
120
123
128
125
124
130
124
122
126
127
124
122
125
129
123
130
127
119
123
132
123
123
130
127
120
125
127
121
127
133
122
126
129
122
121
126
123
117
114
121
113
116
115
109
111
111
106
110
113
109
113
106
113
109
115
110
114
112
116
127
130
136
139
142
145
142
143
141
141
144
141
141
147
144
142
143
141
133
138
137
137
136
140
134
136
133
134
137
129
139
135
135
138
128
133
134
135
128
141
131
131
137
138
135
125
139
135
128
138
133
124
130
135
133
129
133
136
131
137
133
136
135
134
126
136
135
130
125
137
135
126
134
136
128
131
136
135
127
132
128
127
134
134
128
126
129
133
128
129
132
128
132
130
126
131
129
129
134
132
126
129
139
135
130
131
135
121
128
137
131
124
133
129
124
131
130
