126
124
127
124
123
128
126
121
128
126
125
125
129
123
127
127
129
123
127
128
126
125
127
127
123
130
126
127
128
126
125
126
128
123
126
129
127
126
128
127
122
127
126
123
128
127
130
126
129
125
123
133
127
125
126
131
125
128
129
130
123
128
130
128
128
131
125
127
128
128
126
131
127
125
131
127
128
124
130
126
124
130
129
127
129
130
128
128
131
123
119
125
115
110
112
107
95
98
92
88
92
92
86
91
89
89
93
91
92
95
93
101
109
122
128
142
140
140
144
142
134
136
138
131
134
141
134
138
144
136
136
142
135
134
139
142
139
143
143
146
138
143
140
141
140
148
141
144
146
143
137
147
143
139
142
145
143
142
146
142
143
146
147
139
145
146
143
144
146
143
142
146
148
140
152
146
143
145
150
141
146
149
144
145
148
147
142
147
146
144
143
150
144
144
148
148
141
147
148
141
145
145
148
138
151
143
142
145
147
141
143
145
141
141
148
143
140
147
146
141
144
147
138
143
141
142
139
145
146
138
144
143
143
141
143
141
138
144
147
137
140
142
138
139
139
132
134
137
137
133
132
