147
143
152
147
146
150
144
145
146
148
145
146
153
144
140
147
143
141
142
148
142
140
147
144
139
143
145
138
139
142
140
139
143
146
137
141
140
136
140
139
138
140
143
142
135
142
139
135
146
143
134
136
141
133
135
145
136
135
141
134
134
137
134
133
134
140
137
135
140
135
138
132
138
133
133
137
133
132
134
136
132
131
136
131
132
136
134
131
137
133
127
133
129
129
130
136
129
126
134
133
126
134
137
130
130
131
133
130
133
133
125
135
128
118
116
114
108
103
108
103
94
96
92
87
92
90
88
94
92
90
93
89
93
98
108
120
133
134
138
138
137
135
138
133
129
135
137
135
136
134
134
132
137
132
134
134
138
134
138
140
137
139
138
138
134
140
137
138
139
141
136
138
142
138
133
139
139
136
138
139
138
136
142
135
134
142
138
134
138
136
135
135
138
135
132
139
136
138
136
140
137
138
141
139
137
141
140
135
140
140
139
141
142
141
138
142
140
139
140
144
139
139
141
140
141
142
146
139
140
143
137
139
140
140
138
139
139
136
140
139
135
135
135
128
131
132
132
131
133
135
136
