121
121
117
123
122
119
121
124
124
118
121
124
118
124
124
119
120
126
118
123
125
125
120
124
128
120
125
121
119
122
128
126
122
126
121
121
128
124
121
125
129
123
119
127
121
119
131
126
124
125
129
123
125
123
127
120
125
125
124
124
128
122
125
127
125
126
127
125
124
124
132
121
124
121
122
126
123
126
123
123
129
125
124
126
126
125
125
125
122
135
123
124
124
127
132
124
130
127
129
129
135
127
126
132
129
122
127
129
120
126
122
118
120
125
118
122
121
120
121
120
116
120
124
119
124
132
131
134
144
132
135
147
142
141
139
146
138
139
145
137
143
142
140
138
140
141
140
144
139
145
136
141
140
140
146
139
129
136
137
138
135
139
136
132
134
142
134
134
138
129
139
137
131
135
130
134
130
135
134
127
137
134
136
131
141
135
131
139
133
132
130
137
128
136
133
135
136
135
132
133
140
133
131
136
138
133
132
136
138
134
138
138
130
136
135
139
127
140
132
128
135
136
137
135
140
132
133
135
137
127
137
133
130
132
137
127
130
137
137
133
141
137
133
134
133
127
137
132
132
139
129
