132
137
136
130
135
136
138
130
141
135
138
135
138
133
136
139
132
133
137
135
131
140
134
133
136
138
133
135
137
136
132
138
138
132
138
137
135
138
136
137
135
138
139
134
141
136
136
138
138
135
133
142
135
133
137
137
137
133
139
135
140
137
138
134
140
139
136
142
138
137
136
138
139
138
141
138
134
140
142
137
143
139
140
136
139
137
135
142
139
136
140
138
138
133
139
135
137
141
135
136
140
136
135
126
129
120
120
117
112
103
103
102
99
97
96
96
101
99
96
100
102
97
108
119
131
137
147
146
142
148
143
140
145
144
141
140
146
142
135
145
140
140
142
145
141
143
145
143
141
144
148
138
148
143
144
141
149
139
145
146
148
140
147
144
144
142
147
139
144
146
143
140
145
143
145
142
149
143
144
145
145
142
149
147
141
144
147
142
144
145
147
140
150
145
143
144
149
141
147
146
145
140
149
140
146
146
141
139
149
143
146
139
148
142
144
146
146
140
143
144
142
141
145
144
137
145
143
143
142
144
142
143
145
141
138
149
141
144
142
143
134
137
136
135
139
137
138
131
137
139
146
