123
122
127
130
123
123
127
128
125
125
127
125
128
122
124
126
129
122
123
130
129
118
126
133
129
128
133
126
125
129
130
120
129
132
125
125
134
130
122
137
131
128
128
136
124
132
135
126
132
133
132
128
137
133
130
135
134
125
130
139
128
136
135
139
130
127
137
129
130
136
129
125
138
131
126
136
134
130
133
133
135
131
129
137
132
136
130
136
130
136
119
125
121
123
120
121
121
112
121
116
111
118
115
117
117
116
116
120
111
116
117
122
126
139
139
136
149
140
146
148
148
144
153
146
144
146
148
143
146
147
150
139
144
141
144
138
144
142
142
138
141
140
139
139
144
140
149
141
138
142
141
136
139
135
143
141
141
138
137
139
136
132
141
135
133
147
139
134
143
138
136
141
141
143
141
136
138
142
134
138
142
136
138
145
134
138
136
130
144
134
132
141
140
139
142
140
139
130
146
138
135
138
136
140
133
139
146
139
138
136
135
140
134
130
140
135
131
136
136
142
136
140
137
132
136
135
134
130
138
138
135
135
135
132
135
136
135
128
143
129
133
137
134
133
130
136
135
130
139
136
129
