131
128
125
127
123
125
133
127
126
124
129
121
128
128
125
124
133
129
125
124
128
127
125
132
127
124
130
128
125
126
127
119
130
129
121
126
131
132
126
126
129
121
132
125
118
124
133
123
129
125
128
122
120
124
120
125
124
125
131
126
128
122
125
125
121
132
131
123
130
127
126
129
127
133
120
132
124
124
128
128
128
127
128
124
125
127
130
123
132
133
122
118
119
120
116
119
113
113
120
113
115
113
113
113
113
110
114
115
110
113
118
114
118
120
122
125
139
135
138
148
141
141
145
145
145
145
147
142
149
152
142
137
148
142
141
142
139
132
137
140
138
136
143
140
136
138
143
138
145
140
142
139
145
139
136
144
135
142
138
144
133
135
140
137
133
141
135
136
135
140
133
137
139
135
131
139
133
136
135
135
136
135
134
136
134
133
140
131
139
141
134
132
142
133
136
133
139
134
140
140
136
136
142
134
132
142
136
136
129
140
130
135
134
136
135
139
134
136
136
137
127
136
133
130
139
135
139
134
139
135
129
134
138
128
137
135
131
132
138
129
133
132
138
125
133
137
128
130
136
129
126
