128
129
132
129
131
135
124
131
134
120
124
134
126
124
133
135
121
127
131
129
126
127
128
130
128
126
127
126
125
121
127
132
127
127
127
130
124
128
137
125
126
129
129
122
126
129
127
128
126
122
125
130
126
128
125
131
122
123
133
127
125
124
125
122
129
128
122
126
128
122
127
128
124
124
130
122
123
126
128
125
122
127
120
125
126
123
127
124
119
112
120
118
111
118
113
113
112
110
105
109
115
106
117
117
109
116
111
112
116
119
119
134
135
131
136
138
136
138
135
138
134
138
138
136
133
137
140
133
135
140
132
135
145
130
135
136
129
130
133
131
128
133
126
132
129
132
129
130
136
131
126
132
132
129
131
136
126
129
137
131
125
132
130
125
139
131
124
134
130
130
125
136
131
124
134
127
127
130
135
127
132
132
134
125
133
134
130
128
136
126
135
133
133
129
133
127
133
129
133
131
126
130
132
126
132
131
129
132
133
131
131
132
127
127
129
129
125
138
130
132
129
130
122
131
137
133
126
132
132
128
128
135
129
125
134
123
126
129
127
126
127
132
122
129
136
126
120
129
134
127
130
