118
112
121
120
116
115
119
116
118
115
120
116
117
114
119
120
123
118
119
122
118
118
122
118
119
121
122
116
116
129
120
121
117
116
119
117
125
117
124
122
120
117
123
122
120
122
123
119
125
124
117
123
122
129
115
119
125
116
121
125
118
121
122
121
118
122
122
119
117
122
120
117
126
120
123
125
119
114
117
126
125
122
130
120
127
123
127
116
125
124
121
129
128
129
122
121
122
121
122
124
121
123
136
121
119
128
122
117
122
127
116
115
119
113
118
119
114
117
119
111
112
117
113
114
119
120
117
120
118
118
124
133
144
137
144
140
139
146
144
138
142
143
139
148
142
141
146
144
138
138
140
135
137
139
136
129
143
133
133
135
137
139
129
136
142
130
140
137
132
134
135
140
131
134
139
130
138
140
133
137
140
129
131
137
134
134
136
137
138
134
136
135
124
143
133
131
136
137
130
140
139
132
137
134
141
131
133
141
132
138
140
125
134
140
140
136
135
136
126
138
132
136
135
130
138
126
135
139
129
133
140
134
127
144
133
133
145
135
132
140
138
136
142
134
132
135
143
139
139
141
126
