134
142
140
133
141
142
133
140
143
136
137
141
137
135
141
139
134
139
143
133
136
142
136
133
143
140
132
141
143
133
137
144
136
135
140
139
132
139
138
134
140
141
136
134
142
135
134
140
141
129
137
141
131
138
143
137
133
141
139
133
142
147
151
171
184
183
180
180
172
159
160
158
144
146
149
141
144
150
144
137
145
141
137
143
143
136
138
141
140
134
143
141
132
140
144
135
137
142
135
135
142
138
129
139
140
131
138
141
133
131
139
136
128
140
137
133
137
139
133
130
139
132
131
137
138
129
138
141
129
130
140
136
127
138
138
129
134
137
132
133
138
133
130
135
134
124
135
134
126
132
136
129
129
134
132
127
132
137
127
130
135
127
128
134
131
127
134
135
125
132
135
128
132
133
128
126
134
131
126
131
136
126
129
137
129
126
135
128
127
132
132
122
130
135
129
128
133
130
123
135
131
127
129
135
129
132
136
131
128
137
133
125
133
137
129
133
138
130
130
133
134
124
134
134
124
131
137
126
129
135
134
125
133
137
126
133
136
132
131
133
129
124
130
135
124
132
136
127
128
133
126
