131
131
120
130
131
122
128
132
123
126
131
129
124
131
132
123
130
134
123
127
132
127
125
132
132
123
129
130
124
126
132
126
123
131
130
122
131
134
121
128
131
126
123
130
129
120
129
132
120
128
130
124
125
134
129
123
130
132
121
131
128
122
124
130
128
129
142
157
161
173
173
163
160
159
147
140
142
139
131
135
137
128
132
136
130
128
132
131
123
131
133
122
127
132
125
125
130
128
123
128
130
121
127
129
123
123
130
128
119
130
132
122
127
132
122
126
129
125
120
131
128
120
128
130
122
125
130
125
123
129
126
120
130
131
121
126
131
125
123
131
127
120
129
128
120
125
133
125
125
131
127
122
131
132
122
130
132
125
125
133
130
124
134
134
123
130
133
125
126
132
129
125
132
133
125
131
136
124
130
133
129
124
131
133
122
133
132
126
130
134
127
128
134
130
124
133
134
127
131
136
127
130
132
130
126
131
134
125
132
135
127
129
135
130
127
133
135
126
134
135
128
129
136
128
126
132
131
122
130
131
123
125
133
126
125
133
129
122
132
132
121
127
129
121
123
129
127
120
132
129
129
