135
128
128
134
131
128
131
136
127
132
135
128
132
136
134
129
134
135
129
133
136
128
131
137
131
130
137
134
127
137
137
129
134
139
130
131
140
133
130
137
137
128
135
138
132
135
141
134
131
140
137
130
136
139
131
136
139
135
133
138
138
130
139
140
130
136
141
133
134
142
136
132
139
139
129
137
139
130
134
140
136
133
138
139
131
139
143
131
136
140
136
132
140
138
133
141
143
132
135
142
134
138
140
137
131
139
141
136
151
166
170
178
181
176
161
165
156
145
146
151
138
141
144
140
136
143
140
134
141
141
133
136
141
136
133
140
136
132
139
140
128
138
138
134
132
138
137
129
135
138
130
136
139
131
132
136
134
130
137
136
128
132
138
130
133
138
136
128
136
134
126
133
135
125
133
137
130
130
137
132
128
132
134
124
132
134
128
129
135
132
128
134
136
124
131
136
127
131
134
131
126
136
134
126
134
134
125
130
136
129
127
135
135
128
133
136
128
135
134
130
130
138
133
127
137
137
129
135
136
129
128
136
132
127
133
136
126
133
136
128
130
137
128
128
135
135
126
134
134
128
137
