130
133
124
132
134
128
135
131
135
126
133
128
135
129
135
124
133
139
124
134
134
132
135
128
136
125
132
131
131
129
133
130
133
128
132
133
130
139
131
130
132
132
126
135
131
135
127
139
131
132
139
128
131
135
130
131
138
130
133
136
134
134
131
136
136
132
133
136
132
130
135
129
129
132
134
132
132
136
125
131
133
124
132
129
134
127
131
133
122
136
133
129
129
136
126
136
130
131
127
131
134
124
130
137
126
132
126
136
130
126
131
125
125
127
129
128
129
129
124
136
130
128
132
134
132
134
130
130
132
125
130
129
128
132
131
131
129
129
130
129
134
124
134
131
131
131
130
129
130
129
134
129
134
129
124
135
131
128
131
137
126
130
129
129
132
129
128
129
127
126
128
131
126
132
130
135
131
129
130
138
130
130
134
129
123
134
128
131
134
130
131
131
128
131
124
131
130
122
131
126
127
129
131
124
128
126
124
130
127
128
127
130
130
132
132
133
129
133
129
128
133
127
137
130
136
128
129
129
130
132
129
135
132
133
133
133
128
133
135
127
132
142
125
127
131
132
128
132
134
134
133
