141
135
136
145
134
139
138
137
139
135
138
139
131
140
132
136
139
131
142
135
140
134
133
130
139
136
138
141
132
133
133
140
133
137
137
135
131
134
136
138
136
137
135
136
135
137
135
132
133
141
130
137
130
139
136
133
136
137
135
134
132
140
135
131
138
128
136
141
127
137
132
137
135
132
133
137
137
138
136
134
138
137
132
143
138
136
133
133
139
137
139
139
134
133
140
133
135
134
132
143
131
130
131
134
130
137
134
135
132
139
135
137
135
132
143
137
136
139
128
142
131
135
130
137
133
132
139
130
137
136
137
133
135
134
132
132
131
136
129
138
132
133
130
135
129
130
135
128
132
133
131
134
133
134
135
133
137
133
130
131
129
131
132
134
128
132
134
131
130
137
131
134
129
137
124
134
131
127
129
126
129
132
130
131
131
128
126
134
128
130
125
129
131
134
126
132
133
128
124
130
127
128
130
126
128
133
128
137
127
135
133
133
137
128
135
133
130
130
131
137
129
136
135
128
137
130
135
130
131
137
134
133
135
131
129
128
132
134
128
135
126
128
130
125
126
127
134
128
129
129
139
