122
125
131
126
122
132
130
122
129
133
122
125
133
125
124
131
129
120
131
132
121
129
132
126
124
133
129
123
130
133
120
132
132
126
128
133
128
126
133
134
124
133
135
126
129
134
127
125
133
134
125
134
135
127
131
135
129
127
134
133
127
133
135
126
131
135
128
129
134
133
126
135
135
125
132
135
129
130
134
133
127
137
134
128
133
136
129
130
136
131
129
136
133
126
135
138
127
134
138
130
129
139
133
127
135
135
128
133
138
133
133
146
149
155
176
183
172
174
174
158
157
160
150
143
152
148
138
145
146
135
142
145
137
135
142
139
130
138
141
130
134
140
133
131
141
134
130
138
138
130
135
140
130
131
137
130
128
138
136
126
135
139
128
130
137
132
126
137
134
126
135
138
127
132
137
129
128
137
131
128
133
138
125
132
134
125
130
133
132
125
135
136
126
133
136
127
129
134
132
125
136
134
126
135
137
127
131
135
129
126
135
133
126
134
134
126
130
137
130
127
134
132
124
134
133
123
128
132
123
126
131
128
120
131
130
120
130
133
123
126
133
128
126
131
131
121
131
132
122
129
122
