139
141
134
142
147
132
145
134
138
131
143
133
140
134
142
140
133
140
133
138
138
136
135
144
137
140
137
142
132
141
137
141
139
142
142
133
142
137
140
130
139
138
135
138
141
128
139
131
136
134
138
134
133
143
141
133
134
132
133
138
138
133
136
145
135
140
135
138
135
135
133
128
139
131
139
127
138
132
132
140
140
129
141
130
136
126
135
130
126
131
130
131
135
131
127
127
136
133
135
135
136
131
133
131
131
129
133
126
137
137
131
132
127
135
130
130
137
129
129
130
131
129
130
128
135
127
139
134
126
136
132
121
132
130
133
129
139
127
128
135
128
131
132
130
132
130
132
130
125
136
131
133
132
132
128
127
128
126
129
133
128
132
130
135
128
127
135
127
125
133
124
127
130
129
125
122
136
120
126
126
127
125
125
128
123
128
130
126
125
129
122
128
126
126
123
127
128
121
124
128
124
125
127
125
123
126
129
122
118
124
123
130
128
121
127
123
125
124
127
125
127
125
129
121
125
122
132
125
127
123
128
125
125
132
133
141
135
129
132
139
134
135
140
131
138
134
139
134
130
131
146
