133
126
126
134
130
126
132
132
125
131
135
127
128
136
127
126
132
134
126
133
135
127
129
136
131
129
134
134
127
134
137
127
132
135
130
127
135
133
127
133
136
126
130
135
130
129
134
134
127
133
137
128
133
135
131
130
136
133
128
134
134
127
134
138
128
131
136
132
127
133
136
126
133
137
129
131
137
138
146
169
175
175
182
182
166
166
163
153
146
151
146
137
142
142
135
139
141
134
131
140
135
130
137
136
127
132
135
128
128
135
134
127
132
133
126
131
135
127
126
133
129
124
132
132
125
129
133
126
127
132
131
123
133
129
124
131
134
124
130
133
127
125
132
133
124
131
133
123
128
132
127
125
133
130
123
130
132
124
129
132
127
124
130
130
123
132
132
122
130
133
126
126
131
129
124
131
133
122
131
135
123
126
133
129
125
132
134
124
131
136
125
130
134
130
125
135
132
125
132
134
129
129
133
130
128
133
133
126
134
137
128
133
135
129
127
132
131
124
132
135
127
132
136
129
129
135
133
127
134
135
127
130
138
130
130
138
134
130
136
137
130
134
138
130
131
138
133
130
138
137
135
