134
140
139
142
132
140
137
142
139
140
135
138
142
138
143
138
144
135
138
138
142
138
143
136
145
138
145
141
137
144
138
138
140
136
143
141
135
141
140
136
140
134
141
136
143
137
144
137
137
148
132
139
144
137
139
138
134
140
141
137
141
136
141
132
142
136
140
141
137
139
135
140
141
131
138
138
140
133
139
140
131
135
136
140
134
139
133
146
132
138
139
137
145
136
138
144
129
136
137
143
131
135
141
133
140
144
131
139
134
136
137
139
136
133
139
140
135
142
146
131
138
140
141
143
136
145
138
134
146
137
143
138
145
141
137
141
131
138
139
141
139
144
139
144
138
137
139
138
133
137
135
138
139
135
140
139
137
136
139
138
133
136
138
135
135
135
134
136
131
130
133
140
132
140
129
133
128
133
129
134
132
133
136
131
131
132
133
133
133
133
129
133
130
133
131
128
129
129
135
126
134
127
126
129
129
129
125
135
133
132
139
133
133
132
135
128
136
133
138
132
133
137
131
129
136
130
134
131
128
129
137
127
127
132
133
129
131
129
127
129
131
129
132
125
131
126
129
129
121
131
128
