139
133
134
132
137
135
130
132
138
132
136
136
134
137
131
138
134
134
144
133
138
131
142
127
136
136
144
131
138
134
136
136
135
135
136
137
139
138
139
134
130
137
139
132
140
134
137
137
136
140
128
143
140
129
144
133
143
131
141
131
134
140
138
130
139
140
132
139
143
135
138
140
132
138
137
136
131
138
131
139
140
135
139
135
131
136
139
138
135
136
143
141
129
137
135
138
131
140
136
137
137
143
138
139
136
136
141
135
141
135
144
137
136
138
138
132
137
138
138
132
133
139
129
125
136
130
133
128
135
123
133
134
131
137
133
131
137
132
135
128
135
133
131
139
128
135
127
140
128
137
138
139
129
135
130
128
133
128
136
131
128
131
130
131
130
131
131
135
129
127
137
127
131
128
139
131
131
131
124
133
132
130
135
132
139
127
132
131
127
128
138
127
137
126
131
130
129
133
126
137
134
127
125
130
127
128
134
134
130
129
134
132
126
131
128
128
130
134
128
125
131
127
127
130
127
128
132
127
131
130
127
132
124
129
131
127
131
132
132
138
133
125
130
133
126
134
130
132
128
134
135
