144
148
150
146
145
148
145
142
148
148
143
145
146
142
146
145
145
142
143
146
142
144
149
144
145
148
150
146
147
147
143
146
152
144
147
152
147
148
150
148
146
152
151
144
148
151
149
150
150
151
147
151
151
147
150
151
147
149
150
150
149
150
153
148
152
150
147
148
154
149
148
151
153
148
150
153
148
150
154
151
149
153
151
149
153
154
149
152
154
150
150
154
150
152
152
155
151
152
156
150
153
155
153
152
151
153
147
152
156
148
155
157
153
151
155
153
149
155
153
152
153
156
152
151
157
153
151
156
154
147
151
155
149
153
154
154
152
153
153
152
152
153
156
164
176
178
184
193
195
189
186
181
173
167
168
160
159
160
159
154
157
157
153
155
155
150
153
152
150
149
152
151
148
152
151
146
149
151
146
146
150
147
147
149
150
147
151
152
148
149
151
148
145
150
149
144
147
153
146
145
147
147
144
149
148
144
147
146
145
148
148
145
145
149
147
144
147
148
140
144
148
143
141
148
146
142
146
145
143
142
151
147
145
146
145
147
147
147
145
146
147
140
143
145
138
138
141
140
138
139
109
