133
123
131
128
128
125
126
137
127
132
134
122
134
132
126
127
130
129
125
132
134
127
132
133
131
123
138
130
129
130
135
123
126
133
127
121
134
127
125
128
133
122
129
130
129
137
131
135
125
135
130
127
134
130
128
134
130
133
128
132
130
125
129
129
132
133
130
136
128
129
126
137
131
129
122
128
132
128
129
131
129
132
130
135
127
130
134
127
132
126
136
125
135
130
134
130
141
125
136
137
135
133
130
141
132
136
139
133
128
136
136
127
142
136
126
135
132
131
134
132
134
133
130
135
133
133
140
131
134
132
127
137
134
131
133
131
138
127
133
138
127
135
131
129
136
133
130
131
131
131
125
129
132
134
134
131
127
125
134
126
125
134
127
131
133
130
127
123
131
128
131
127
128
135
126
127
125
127
131
130
127
128
129
123
134
126
132
130
131
137
127
135
129
130
125
129
135
130
133
136
132
130
128
125
129
131
128
137
126
128
125
130
127
127
132
133
131
134
129
120
128
128
124
127
127
124
122
124
126
127
125
128
129
124
125
124
122
130
122
125
123
119
109
106
106
104
103
105
105
104
130
