129
131
120
124
130
127
124
132
124
125
127
127
121
130
126
129
127
124
131
121
129
127
124
129
126
124
123
129
123
128
128
127
123
134
129
121
129
128
123
130
125
130
128
132
127
128
126
133
123
129
123
132
127
125
131
126
132
127
130
126
130
131
127
129
130
125
124
126
132
123
130
127
125
126
129
116
127
130
123
133
127
125
126
130
128
126
128
127
130
122
129
125
123
130
126
125
125
123
130
126
130
126
128
125
119
121
127
130
123
126
134
125
123
129
128
120
130
135
128
128
126
124
126
127
131
127
129
130
126
131
130
125
134
128
131
130
129
136
126
134
126
125
126
134
128
122
135
127
130
132
131
128
129
130
129
130
131
128
125
136
129
131
127
138
124
131
131
132
130
132
135
123
134
129
124
132
131
127
125
132
126
129
123
136
125
130
127
135
129
130
127
126
135
134
129
135
128
136
133
135
130
126
132
135
128
132
135
128
131
138
132
128
135
129
130
129
132
127
134
133
127
131
125
135
123
140
129
130
124
130
133
127
134
136
132
137
128
131
133
132
136
128
132
131
131
131
130
124
133
125
127
