142
136
137
142
141
134
144
143
134
139
141
134
135
140
139
133
141
142
132
139
141
132
135
139
137
132
141
142
130
139
140
129
136
139
136
134
142
140
133
135
142
134
137
140
136
132
139
139
130
137
140
133
138
140
135
133
140
138
132
139
142
132
137
142
134
136
140
139
134
139
140
128
140
139
134
134
142
136
133
137
139
133
138
140
132
136
141
136
133
141
138
133
137
140
130
135
138
135
132
138
138
132
139
147
149
166
175
170
160
162
157
145
148
147
137
142
142
136
137
142
138
133
137
141
131
137
139
131
132
138
137
129
138
137
129
133
136
130
133
136
133
130
138
135
124
134
136
128
132
135
130
128
135
132
125
133
134
126
132
134
131
128
135
132
125
134
134
126
130
135
129
128
134
132
125
133
134
125
134
134
129
129
135
131
126
134
136
124
133
133
127
129
134
130
129
133
134
128
133
135
127
129
134
129
128
134
133
124
134
132
127
129
136
126
128
133
131
127
131
136
125
134
136
131
130
136
131
127
134
135
127
133
136
128
132
136
132
128
135
133
126
131
135
122
131
135
128
126
132
133
135
