122
130
122
131
129
129
121
128
125
117
120
127
120
129
125
123
127
125
118
124
126
126
124
126
129
122
125
124
123
127
124
128
124
125
124
126
123
129
126
124
129
122
130
120
127
125
122
125
128
119
125
125
122
126
126
122
130
125
126
123
127
126
129
127
123
122
121
124
121
118
124
121
121
130
124
122
125
125
123
128
126
125
118
124
122
123
124
125
121
124
121
127
120
129
116
121
118
124
125
122
128
115
124
125
126
122
129
118
127
118
122
127
118
122
126
116
122
129
120
124
125
127
125
131
125
124
130
133
128
130
123
132
126
123
127
121
134
126
132
128
131
124
134
134
125
131
131
128
124
130
128
126
127
130
125
135
126
136
124
132
130
128
126
130
130
126
129
133
129
129
129
126
130
132
133
134
134
129
133
127
129
131
128
135
126
129
127
128
133
127
137
128
134
129
130
124
132
130
129
126
131
125
131
130
126
137
130
129
130
126
128
128
135
131
127
128
132
130
128
132
125
131
125
131
121
132
128
132
133
127
134
129
130
135
129
129
140
131
136
134
132
136
131
131
127
132
135
128
134
130
124
