122
127
125
126
130
128
124
126
127
122
132
128
124
132
127
130
127
130
130
127
133
128
131
133
127
130
130
127
129
131
126
129
132
129
126
130
133
125
134
130
131
133
132
127
134
126
131
130
123
135
124
127
135
126
136
127
131
128
134
130
129
133
131
130
129
132
128
133
132
130
131
129
130
126
136
133
131
137
134
131
135
132
137
129
135
132
132
129
134
134
128
131
133
133
132
132
139
129
130
137
135
130
138
132
136
136
132
137
135
135
134
134
128
130
136
134
129
136
137
135
134
129
141
125
137
133
137
134
138
133
130
140
129
131
133
141
129
138
133
141
132
140
133
132
136
137
135
135
136
135
135
132
140
127
141
134
135
134
140
127
137
133
142
136
139
134
132
138
134
130
139
128
134
135
134
138
133
140
136
131
139
138
131
132
141
134
133
138
135
131
130
133
136
134
131
134
132
137
131
134
127
134
124
132
126
135
128
126
128
130
133
130
132
126
132
125
133
129
126
127
130
123
130
121
124
123
129
132
133
137
134
128
133
129
136
132
134
131
135
129
134
132
128
133
124
130
134
132
138
129
133
