128
138
138
130
132
139
133
134
139
135
130
139
137
130
138
141
130
137
138
134
131
140
136
128
138
140
130
138
139
134
132
140
137
132
139
139
130
137
141
131
135
141
135
134
138
139
131
139
142
134
136
140
134
133
140
140
131
140
142
129
136
142
135
138
142
138
133
141
141
133
139
142
131
137
141
138
134
141
141
132
138
141
133
136
141
136
133
141
139
134
140
138
131
136
141
133
133
139
136
133
141
140
130
139
141
136
137
141
135
132
140
140
132
140
141
135
138
141
135
134
143
144
145
164
181
184
198
203
195
187
185
175
163
162
162
147
150
153
142
143
148
144
137
145
143
134
142
139
131
137
141
136
132
140
138
132
138
143
130
136
140
132
132
139
137
129
137
138
129
134
136
131
131
138
131
126
135
134
125
132
134
128
131
137
129
128
133
132
124
133
134
126
131
138
128
128
134
130
127
132
133
124
132
134
128
129
133
132
125
134
134
125
131
133
126
127
132
130
127
135
133
124
132
133
124
131
132
126
127
134
132
125
131
133
127
131
135
125
127
132
128
124
132
131
124
130
135
125
128
134
131
