127
133
126
127
128
132
127
133
129
133
123
129
128
123
133
129
126
128
136
125
133
127
130
126
130
131
124
128
130
130
133
128
132
130
136
128
133
125
134
126
125
134
129
127
131
133
131
134
130
130
128
129
130
124
134
128
132
141
131
135
135
139
134
133
145
137
142
144
138
130
137
136
132
133
131
129
127
131
137
131
135
132
134
137
135
136
129
136
136
133
140
141
134
139
136
131
137
137
134
132
137
134
138
129
136
132
137
137
139
130
140
140
133
144
136
142
136
130
137
127
137
138
132
134
145
138
131
139
135
132
139
138
132
132
139
137
135
134
139
131
137
133
133
138
142
135
138
141
139
139
136
141
140
132
144
130
136
143
132
140
141
132
132
139
139
132
133
143
135
136
139
139
135
132
132
132
135
132
132
129
130
126
127
130
126
129
131
127
130
129
130
126
119
126
130
122
128
121
134
120
127
129
122
120
127
114
123
129
117
124
127
114
118
123
123
117
124
119
117
117
121
118
115
118
123
119
118
119
118
119
118
121
117
120
118
112
120
125
121
132
125
129
127
128
127
129
124
127
127
131
134
