137
131
128
134
136
127
134
135
127
131
137
130
131
134
136
128
137
137
128
135
139
132
133
138
137
130
138
139
131
139
140
131
136
138
137
131
139
138
128
137
138
132
134
142
133
128
139
136
128
137
136
129
133
138
133
130
139
136
130
137
138
130
135
138
133
135
149
154
161
171
170
158
161
158
143
145
149
139
140
142
140
134
139
141
133
138
143
133
134
140
139
129
138
141
130
137
140
133
134
139
135
129
138
138
130
133
141
130
134
140
130
129
137
134
128
135
137
129
131
139
133
130
136
134
128
134
137
127
131
138
129
128
135
133
126
133
136
126
133
135
126
127
132
128
125
132
132
124
130
133
126
127
133
130
125
133
133
124
131
136
125
131
133
131
126
134
135
125
133
136
125
132
135
130
127
134
132
124
134
133
123
132
135
126
129
134
132
128
135
136
125
132
137
127
130
137
132
131
137
136
127
135
138
128
133
135
131
131
136
134
130
136
138
128
132
135
131
129
136
134
129
136
139
131
137
139
133
134
140
135
134
139
139
131
139
140
131
138
141
135
134
140
139
131
139
141
130
141
141
136
134
