132
132
125
135
134
125
133
136
126
130
135
131
128
135
136
127
135
136
129
135
136
132
127
136
138
128
136
137
130
132
139
129
129
136
134
128
136
137
126
135
139
131
132
137
135
128
137
136
129
135
141
131
134
141
136
132
137
137
129
138
139
132
135
140
133
133
138
141
129
139
141
130
136
140
134
133
138
137
130
136
138
130
136
139
135
134
139
137
129
139
139
131
137
139
135
132
139
137
130
139
139
133
140
141
135
134
141
137
134
140
140
132
141
140
131
138
143
141
145
162
174
175
182
182
168
166
165
156
149
152
150
140
149
149
137
144
148
138
140
143
142
136
142
142
135
141
139
136
135
142
137
132
137
140
131
139
140
131
133
137
134
131
136
138
129
135
136
131
132
139
131
129
136
135
127
133
136
125
133
135
130
129
136
133
128
134
136
127
132
136
129
129
134
134
127
134
136
127
130
135
128
128
133
130
127
133
133
125
133
134
127
128
131
130
126
133
135
125
133
135
127
129
136
128
128
132
130
125
135
137
126
130
136
128
126
131
131
122
131
133
120
129
131
125
126
133
128
124
129
133
133
