127
124
128
125
127
128
128
124
127
122
132
124
127
127
123
128
127
132
123
134
127
129
130
131
125
129
127
128
135
136
135
129
128
126
132
132
135
131
127
135
126
130
131
129
134
128
130
133
128
132
129
133
129
134
127
132
132
131
133
134
131
132
128
137
130
131
132
135
134
133
129
133
131
137
133
137
135
131
137
131
135
125
134
133
130
140
130
137
133
134
130
136
133
137
135
134
134
130
128
138
130
132
131
126
135
130
131
134
131
132
139
131
127
136
131
135
131
131
137
136
139
132
136
135
127
140
136
125
138
133
130
134
131
133
129
136
133
137
130
141
131
139
132
128
135
133
132
129
137
133
129
135
127
132
134
135
133
126
133
134
128
131
130
130
132
132
133
129
133
134
124
130
135
126
128
133
127
128
132
133
129
126
129
123
127
134
126
127
132
123
129
130
128
131
125
128
129
121
131
124
127
135
127
132
134
133
128
129
128
136
130
138
134
126
132
136
126
131
127
137
129
134
129
133
124
127
126
132
130
129
131
128
127
130
125
130
128
133
131
130
125
131
120
129
120
128
124
129
129
131
129
