130
138
134
129
135
140
128
135
137
133
131
139
136
129
137
137
130
134
140
131
133
137
135
128
134
138
129
133
138
133
132
138
134
130
137
138
129
136
138
133
134
139
134
131
140
135
129
137
140
133
136
141
135
132
138
138
130
137
141
130
135
139
133
132
141
137
132
138
140
129
136
139
133
132
139
138
130
140
141
131
138
142
130
136
139
134
132
139
137
130
141
149
153
167
180
180
175
178
170
161
160
158
148
148
149
140
140
148
142
134
145
143
132
138
143
131
136
141
139
132
138
141
131
138
141
131
134
140
135
133
139
138
130
135
137
128
133
137
132
129
138
135
129
136
138
128
132
136
130
128
134
134
126
134
136
128
132
137
130
130
135
133
128
134
135
127
131
137
129
131
136
132
128
134
135
126
133
135
125
131
133
131
126
135
135
124
131
136
126
129
136
128
128
135
133
125
134
136
126
132
135
129
129
133
133
125
134
135
125
130
133
124
124
132
129
123
131
132
122
131
136
126
126
132
127
126
134
132
125
132
135
127
130
133
129
126
134
134
124
134
135
123
128
133
127
127
134
131
128
132
132
