132
130
123
130
132
124
131
132
125
127
132
131
124
132
132
123
130
135
125
128
133
130
129
133
134
126
134
136
128
129
133
129
129
134
133
128
133
136
127
131
136
130
129
136
133
128
134
138
127
133
137
130
132
138
135
128
135
138
127
134
138
129
133
138
135
131
139
137
130
139
139
130
135
137
133
131
139
138
130
138
139
131
134
139
134
131
140
136
132
138
140
130
140
145
148
162
175
177
168
170
165
152
152
155
144
144
148
143
137
144
141
135
140
141
135
138
141
135
131
141
138
132
137
142
129
135
143
134
136
139
138
130
138
140
130
137
139
131
133
136
136
127
136
135
130
134
136
131
130
138
133
131
135
135
127
134
138
128
134
139
131
129
136
135
129
134
137
128
133
138
131
131
137
134
127
134
136
127
133
140
131
135
135
134
128
134
138
127
133
135
129
129
135
131
130
134
137
126
136
136
128
133
134
131
126
135
135
124
132
136
127
132
136
128
128
132
131
125
132
134
127
129
133
124
126
131
128
122
130
131
121
130
132
124
127
133
127
123
130
132
122
131
133
126
127
133
126
123
133
133
138
