141
136
142
142
132
139
144
136
137
143
139
137
140
142
133
140
143
134
140
145
139
135
142
142
135
142
141
135
139
145
136
136
144
142
134
142
143
137
141
142
139
138
142
141
135
142
144
134
141
144
139
138
143
141
135
142
143
135
142
140
137
138
141
139
134
139
142
132
139
141
134
137
143
139
134
143
141
134
141
141
133
136
145
138
138
147
154
160
178
182
175
173
171
161
155
160
153
141
151
149
141
144
149
140
136
148
143
137
144
142
134
141
142
135
139
142
138
132
141
139
132
139
139
133
134
139
135
128
140
139
131
137
137
131
134
139
133
131
140
135
130
135
138
130
133
136
132
131
137
135
128
135
136
127
133
137
131
130
135
134
127
135
138
126
132
135
129
131
135
132
128
135
136
126
136
136
128
132
136
132
128
137
134
127
131
135
124
129
135
131
128
134
136
126
132
133
125
129
133
127
126
133
133
124
132
134
126
131
138
129
128
134
130
124
132
133
124
131
134
130
128
134
131
126
133
134
125
130
137
127
128
137
133
127
135
135
126
133
137
127
132
133
123
119
123
124
114
123
125
116
133
