128
133
128
133
131
130
128
132
132
128
132
134
128
126
132
132
134
131
131
124
133
131
129
132
135
129
135
132
131
126
131
136
127
133
133
133
133
136
129
133
129
133
124
132
136
130
131
129
134
133
137
131
131
131
128
132
132
132
133
126
128
134
128
135
131
130
133
138
130
130
134
136
128
138
129
125
126
133
126
127
134
126
130
132
127
134
130
134
125
128
130
133
125
128
125
121
127
120
130
127
129
129
126
127
131
121
134
127
133
126
130
127
130
132
124
131
133
129
135
131
133
125
131
129
134
128
132
139
123
137
127
130
136
134
132
129
135
125
128
136
132
130
133
130
128
132
129
133
126
132
131
131
127
128
132
131
132
132
130
127
133
126
127
133
119
129
133
131
129
133
126
128
132
132
127
136
125
132
131
130
129
124
133
126
126
132
126
125
128
129
127
123
130
129
123
132
119
124
122
132
124
127
129
124
127
131
123
129
133
132
129
131
125
128
127
130
129
122
126
137
127
133
126
137
129
133
131
132
136
132
131
129
132
135
125
130
135
127
134
131
128
131
131
134
126
119
124
120
129
128
128
