129
120
128
129
121
127
131
124
124
131
128
124
130
132
122
129
133
125
127
131
131
123
133
132
122
130
131
123
128
134
130
127
134
132
124
133
133
125
130
135
132
129
135
133
128
134
137
126
134
134
130
131
136
133
128
136
136
128
136
137
128
131
136
132
131
137
137
128
136
138
130
135
139
134
132
139
138
130
138
142
129
139
140
134
134
139
133
132
140
138
132
136
141
132
136
142
135
135
142
146
147
166
178
170
170
172
161
153
157
152
142
145
148
137
142
145
139
138
143
141
137
143
143
134
141
142
135
139
141
137
134
139
142
131
141
140
133
135
140
135
132
142
138
133
137
143
131
135
140
135
132
139
139
132
138
142
129
138
137
131
131
138
137
130
141
138
131
136
140
135
134
138
134
127
137
136
130
136
140
130
136
137
133
131
138
135
129
136
137
129
132
139
132
130
138
135
129
136
137
128
133
137
131
129
133
133
127
131
134
124
133
133
128
128
134
128
126
134
132
125
132
134
127
129
135
130
127
133
132
125
135
134
127
129
135
130
126
135
133
127
134
135
127
130
135
126
128
134
132
126
133
