127
126
129
128
126
130
132
125
128
125
122
127
128
126
126
129
124
129
124
131
121
129
129
119
127
133
119
127
133
122
132
126
130
123
130
127
128
122
132
123
130
123
131
123
128
133
121
129
130
131
125
125
129
123
130
125
123
133
125
124
125
124
123
129
129
128
129
125
127
133
123
127
119
126
125
125
125
127
128
127
129
123
131
124
128
125
130
128
125
125
126
126
123
124
123
127
122
121
130
122
131
130
120
128
129
130
127
135
129
126
127
135
128
129
129
132
124
135
129
126
129
128
126
133
135
132
129
127
135
121
135
129
125
133
125
131
122
134
130
128
137
131
129
137
132
130
136
130
132
126
133
130
133
127
131
130
128
129
130
127
134
129
132
128
134
123
134
125
134
129
136
135
134
133
133
133
129
132
131
127
131
132
131
135
127
127
137
127
135
129
127
133
128
131
124
131
126
130
137
128
130
127
128
130
133
128
130
127
131
136
133
136
134
138
136
131
136
133
138
133
129
134
126
133
135
128
132
133
133
131
134
132
128
133
137
130
134
127
130
125
132
132
132
130
131
131
125
131
121
129
124
