128
135
138
133
131
139
135
130
137
136
130
135
139
130
133
140
134
132
138
137
128
137
138
131
135
138
133
131
140
134
133
137
138
128
134
138
132
133
138
135
131
138
139
131
138
139
130
136
139
135
132
139
138
131
140
140
131
136
141
134
136
142
137
135
143
141
135
138
142
135
136
142
138
134
142
139
134
139
141
134
136
143
138
137
141
141
134
141
140
135
139
141
137
137
141
139
132
141
141
133
139
142
131
138
142
138
134
140
140
134
140
141
131
138
140
135
134
139
138
131
140
139
134
137
142
146
155
171
177
172
183
179
163
166
167
154
150
156
149
140
149
148
139
145
147
140
139
147
136
133
140
139
132
140
143
133
136
141
133
132
140
139
130
137
140
129
135
138
131
132
137
136
129
135
137
125
135
137
129
132
137
132
129
134
134
126
133
135
128
132
135
133
128
135
135
125
134
135
126
131
136
129
127
135
132
127
134
133
125
130
133
127
127
133
132
128
134
132
124
130
134
125
131
136
130
125
133
132
127
133
137
126
133
134
129
128
134
133
124
135
134
127
132
135
128
129
134
129
124
133
131
