127
138
137
132
133
141
132
133
137
140
129
138
140
128
135
137
133
129
139
138
131
137
140
127
139
138
134
131
139
139
129
140
139
129
137
138
133
134
136
135
132
136
140
128
138
138
132
134
141
135
131
139
138
128
138
141
129
135
134
132
133
137
137
129
138
138
133
132
138
135
134
140
136
130
140
140
132
137
140
132
133
138
137
132
137
139
133
136
139
132
135
141
136
131
140
137
130
139
140
132
134
142
134
131
140
133
130
139
139
131
138
150
155
166
177
174
160
166
158
146
150
150
139
137
142
140
131
142
141
131
138
139
132
132
139
136
128
139
139
131
133
141
128
137
139
136
132
138
136
131
136
139
131
135
140
128
133
135
135
129
134
138
129
133
138
129
132
136
133
128
137
135
124
134
136
130
132
139
135
131
138
137
128
134
137
129
132
137
132
132
137
137
128
136
137
129
134
139
132
132
136
135
128
134
136
128
133
139
131
132
137
135
130
137
134
130
135
138
129
131
136
132
129
137
135
127
136
137
130
134
140
135
132
137
137
129
139
138
131
136
139
132
134
139
137
131
138
140
132
136
131
