136
133
142
135
137
135
137
134
130
137
133
137
134
130
136
135
130
138
132
143
132
142
139
136
132
139
130
135
133
140
135
138
137
138
135
133
137
140
136
139
139
138
141
133
139
138
129
136
142
130
137
140
136
138
133
143
132
137
139
137
140
135
135
130
139
140
128
140
134
139
131
141
133
141
139
139
133
139
142
132
143
134
135
136
141
138
137
136
137
136
138
139
134
139
134
139
129
139
134
133
137
142
128
138
136
138
133
142
141
140
134
140
135
139
135
137
140
132
141
137
140
139
134
137
137
137
139
141
137
139
134
140
137
138
136
140
141
138
147
138
139
137
140
133
140
138
143
139
130
135
139
129
131
138
139
140
134
136
128
133
133
136
138
135
134
133
139
134
136
136
138
136
132
141
133
137
140
136
139
138
136
144
137
137
147
134
141
134
137
137
138
133
138
137
138
141
138
140
133
142
132
140
140
137
138
132
141
135
134
136
140
128
135
138
131
130
141
137
146
137
146
137
146
140
143
133
148
141
140
138
140
140
135
145
136
140
136
139
130
123
122
112
117
114
113
115
115
113
113
111
119
