124
126
125
122
127
120
129
122
126
128
125
125
125
126
131
127
128
120
132
122
129
128
128
126
126
132
126
134
124
132
123
131
126
126
125
131
126
132
127
131
120
131
132
130
124
132
129
126
130
127
128
132
125
129
127
132
131
121
136
127
127
129
127
120
135
130
131
134
132
130
125
128
129
124
133
134
124
124
128
132
121
134
128
125
133
127
128
122
133
129
122
132
137
122
128
128
124
126
134
130
133
129
133
124
130
133
126
135
130
124
129
129
132
123
133
131
125
137
136
134
129
131
123
134
130
133
129
125
132
123
131
131
128
133
132
139
132
129
134
127
137
136
137
131
138
133
132
133
140
128
137
140
129
138
135
131
131
135
133
139
138
140
137
137
136
133
130
132
131
134
135
139
132
134
140
136
134
138
135
129
139
129
132
134
136
132
141
131
136
132
139
127
134
130
132
135
130
134
133
130
127
140
124
133
129
133
129
130
126
132
129
128
124
137
129
131
132
130
133
129
136
129
131
126
128
124
127
133
130
129
131
126
128
128
130
132
132
126
132
130
130
126
132
131
129
129
136
135
131
136
134
