125
133
132
125
132
134
125
131
133
128
127
131
131
124
131
135
124
129
133
126
127
132
129
126
130
132
123
130
135
126
128
135
128
126
132
131
124
132
134
128
129
135
129
126
134
132
125
131
135
124
130
135
128
129
133
131
127
132
133
125
134
136
127
129
135
130
129
136
136
128
133
137
128
132
137
131
128
136
135
128
133
136
129
132
138
131
131
139
135
128
134
137
129
135
137
132
132
138
137
128
137
137
129
135
138
134
134
142
136
139
152
163
167
178
180
167
166
165
156
148
152
146
139
146
145
138
140
143
138
138
142
139
136
140
141
130
139
141
136
136
141
136
131
140
138
132
137
141
134
136
138
136
130
140
137
131
138
140
129
137
138
135
130
139
135
130
137
139
130
134
141
132
133
138
135
130
137
139
130
135
139
132
133
139
134
131
139
139
132
135
140
128
134
139
135
131
137
138
129
136
137
131
135
137
134
130
138
135
131
138
139
131
134
138
134
131
138
134
129
139
137
128
133
136
132
132
137
135
128
136
137
128
134
138
130
131
136
134
128
134
135
128
135
137
128
132
134
131
126
133
140
