129
126
137
131
133
133
129
134
133
134
126
133
134
130
138
131
133
132
131
130
125
132
134
128
132
132
129
130
130
136
130
132
133
129
132
134
126
128
135
128
136
130
134
132
129
134
130
132
130
136
132
133
137
130
133
135
125
133
132
135
129
132
136
131
134
130
128
136
138
135
129
136
130
134
132
132
130
137
128
126
132
135
131
132
134
132
129
136
134
133
133
130
136
124
137
130
133
134
132
129
132
133
135
130
135
129
134
126
135
126
130
130
128
124
132
130
132
135
130
125
133
134
132
127
133
132
134
137
133
127
131
134
131
132
129
133
129
135
131
128
130
133
132
132
136
127
135
129
132
129
134
128
129
127
130
129
130
131
129
121
134
126
133
131
134
125
131
129
128
129
127
131
130
132
131
123
135
128
127
131
125
131
133
132
131
128
134
129
125
131
123
134
127
131
128
127
129
136
128
129
131
130
128
125
136
128
132
133
125
131
129
125
130
133
128
132
126
132
129
134
132
129
132
133
130
132
131
132
132
132
137
131
132
129
135
125
131
133
122
136
134
130
137
134
127
131
134
132
127
133
131
