133
133
126
127
131
126
130
131
127
127
126
136
124
127
131
125
134
130
130
122
130
127
126
124
130
129
131
126
130
127
129
133
125
133
127
130
123
132
129
127
125
130
119
130
127
132
131
126
129
129
130
128
129
127
133
123
135
130
124
129
123
133
125
127
130
124
133
130
123
134
129
130
123
131
123
132
127
134
122
128
129
126
128
131
127
124
127
129
124
129
127
125
130
127
125
123
130
129
131
132
129
129
127
128
129
126
130
128
131
130
128
131
126
133
132
127
133
133
128
130
134
127
134
129
132
130
140
127
131
134
132
134
130
134
133
136
136
137
130
133
135
131
133
140
133
135
133
133
135
138
132
129
134
128
135
133
135
129
135
130
130
134
133
133
137
129
133
130
138
131
131
127
139
133
134
134
138
129
128
136
137
130
135
133
130
137
131
131
128
137
131
134
130
134
123
135
131
126
131
130
126
136
126
135
125
132
127
135
128
133
130
129
133
133
132
128
130
124
135
125
132
121
133
131
127
125
131
123
132
125
128
130
136
133
132
133
130
126
129
130
127
130
127
131
124
127
136
128
131
135
127
