140
135
135
143
138
134
141
140
135
140
139
133
135
139
137
129
135
137
132
136
139
135
134
137
133
131
134
137
125
134
135
129
129
137
129
127
134
134
127
130
133
125
131
136
130
127
135
132
128
132
133
125
131
133
124
126
133
130
126
132
133
125
130
131
124
126
129
128
122
130
129
123
127
132
120
126
128
124
122
127
124
120
130
137
145
162
170
168
157
158
151
140
142
142
134
137
136
130
129
134
131
126
130
130
120
124
128
124
122
130
126
121
128
127
120
126
126
121
123
127
124
121
127
126
119
125
126
120
123
126
124
118
125
125
118
124
124
118
120
125
121
116
124
125
117
123
124
119
120
125
119
120
125
123
117
125
124
119
122
128
120
119
125
125
119
123
124
118
120
125
119
120
128
121
117
126
124
119
123
126
120
122
126
122
118
124
125
119
124
128
120
120
127
121
121
126
126
119
124
127
120
123
128
123
122
127
126
123
127
129
121
126
129
126
124
130
125
123
129
129
121
126
130
127
124
132
125
123
129
130
120
129
130
124
122
128
123
120
129
124
120
127
127
121
125
128
125
124
130
129
141
