134
131
127
132
133
127
133
133
129
127
135
134
127
135
131
126
131
135
128
127
136
130
128
136
133
126
134
136
126
131
135
131
125
135
132
126
135
137
127
132
136
129
128
134
133
126
135
134
127
130
136
131
131
135
132
128
134
136
126
134
137
127
130
138
132
128
137
134
127
135
137
128
134
138
131
131
138
136
129
138
139
129
135
136
128
134
139
138
131
138
139
131
135
139
131
130
137
134
133
145
157
164
187
191
186
183
178
165
158
155
152
142
145
146
136
137
144
134
136
138
136
131
138
138
130
138
139
133
132
140
134
131
137
137
128
135
136
130
133
136
133
129
136
133
128
133
136
126
131
135
129
129
135
133
126
134
133
127
130
134
127
127
133
130
126
135
133
124
132
134
127
130
135
131
128
133
134
126
134
135
126
130
137
129
128
135
132
125
132
133
124
131
133
128
128
135
132
127
133
135
124
133
134
129
129
135
133
129
139
136
130
136
138
131
132
139
132
130
136
136
129
138
138
130
134
138
132
130
139
134
129
135
137
127
134
138
130
131
138
134
129
136
133
125
131
134
126
130
134
131
135
