132
134
128
127
136
134
127
133
132
123
132
135
125
131
134
130
126
135
134
125
132
136
124
131
135
128
128
135
131
124
132
135
125
132
136
127
129
133
131
126
134
136
124
133
133
127
129
133
128
127
133
135
124
133
134
128
128
136
128
127
133
129
122
133
134
124
130
136
128
127
133
131
126
130
135
123
131
134
127
127
137
130
127
131
133
123
130
133
127
130
134
128
127
131
133
123
133
133
124
130
134
128
125
132
129
123
131
134
122
131
137
133
147
164
170
166
167
162
147
152
150
140
141
143
135
134
139
137
127
135
137
127
133
138
131
130
138
135
125
133
135
127
133
136
129
131
135
130
127
133
133
124
131
135
126
129
136
130
127
132
132
124
132
132
125
129
133
127
125
133
130
125
131
133
124
127
134
127
126
133
130
124
132
130
123
129
131
125
125
135
131
125
132
133
124
130
133
123
131
135
126
127
133
131
124
130
132
124
129
133
127
126
132
133
128
135
135
125
133
135
127
130
136
131
130
136
137
126
135
138
129
130
135
128
124
132
132
120
131
130
125
128
134
130
127
133
133
126
132
133
138
