130
135
128
136
134
134
127
130
129
133
126
133
128
134
132
133
130
130
126
131
126
135
130
130
127
125
125
123
129
125
125
130
124
134
126
128
124
128
125
127
131
124
131
120
129
123
123
125
127
121
128
125
122
127
126
120
127
128
129
127
125
122
128
121
127
131
121
130
127
127
127
124
127
129
127
124
129
132
124
129
127
122
127
128
127
128
129
129
122
121
129
112
125
126
126
123
128
125
122
124
124
124
120
128
119
123
120
129
123
119
129
115
125
127
119
123
126
124
126
123
128
119
123
124
121
127
122
128
123
120
122
122
124
123
124
128
128
120
126
125
129
127
123
138
129
130
134
130
127
138
133
132
136
129
126
130
132
127
131
128
137
128
129
133
127
133
126
128
130
132
129
129
129
128
135
132
135
135
125
132
133
129
130
129
134
131
136
131
129
128
132
127
132
128
128
126
131
127
128
128
129
131
123
124
124
124
122
113
117
123
113
123
119
112
113
123
116
115
114
121
117
120
122
114
117
123
120
127
120
130
117
127
130
128
124
126
130
121
133
127
121
128
126
126
128
122
130
122
130
126
132
