123
126
134
131
125
131
130
127
133
128
126
132
132
127
126
134
135
125
131
130
132
129
127
131
130
133
133
128
137
132
129
131
136
130
129
133
130
131
135
132
134
134
133
128
130
138
130
131
136
134
129
136
135
135
134
136
132
129
133
135
130
139
132
134
137
132
133
131
134
136
133
133
133
131
135
139
129
133
135
132
132
138
131
127
138
133
131
133
134
127
119
111
109
101
105
102
94
98
90
93
95
90
88
94
94
93
96
94
97
99
102
119
130
136
141
147
150
141
142
145
141
140
147
140
144
146
145
139
146
146
142
146
145
150
145
148
146
142
153
148
142
148
146
146
148
145
148
145
149
146
143
150
148
144
148
151
145
144
149
147
148
147
154
144
147
151
149
144
154
149
143
155
150
142
148
148
147
150
150
146
148
149
152
147
147
150
149
144
155
148
143
154
148
144
151
150
146
145
147
148
146
152
146
145
150
148
142
148
148
145
143
151
148
142
151
146
141
144
151
145
146
158
154
154
167
162
157
163
154
151
152
153
149
150
156
149
145
146
149
145
148
149
143
139
143
141
139
138
142
136
137
