137
133
139
133
132
138
134
133
135
135
134
133
139
137
133
141
134
134
138
134
134
138
135
137
133
139
138
134
140
139
132
134
142
135
133
138
137
140
141
136
138
138
137
134
139
139
139
135
142
139
138
137
140
137
134
146
139
133
139
141
138
142
142
136
133
142
138
136
142
138
135
143
138
138
136
140
141
137
145
138
137
142
138
136
143
140
139
141
140
143
139
143
142
142
140
136
139
134
144
143
135
139
132
127
126
122
108
104
109
102
94
99
96
89
98
96
100
100
106
110
128
135
143
150
150
145
140
149
140
139
148
139
137
144
145
140
142
144
141
146
147
143
142
149
143
145
144
145
141
146
147
143
146
146
145
141
146
149
141
147
151
143
145
152
149
140
149
150
148
144
146
145
144
146
146
145
146
149
146
147
151
142
144
151
143
142
150
145
144
148
144
146
148
148
148
143
149
149
141
150
150
143
143
146
147
145
145
144
144
148
143
140
148
146
143
143
144
144
142
142
144
144
145
142
143
141
145
148
139
145
144
142
144
142
136
139
145
140
136
143
143
140
143
142
137
139
144
137
138
141
136
