133
137
134
132
137
136
135
136
136
130
134
136
135
132
137
136
135
135
139
133
134
139
135
134
140
138
133
138
139
136
136
144
136
137
146
136
133
137
141
131
140
139
137
138
140
137
136
138
137
133
138
140
140
138
145
141
137
144
143
135
140
138
137
138
140
143
135
146
142
136
139
138
136
137
144
136
136
144
138
140
141
142
137
138
142
138
140
142
141
134
144
142
136
139
142
138
136
140
138
137
142
138
137
143
141
138
140
140
138
139
142
141
137
144
141
134
141
140
142
141
140
141
133
140
138
132
140
136
135
139
137
135
127
127
126
117
117
109
105
100
105
97
91
95
97
98
101
95
102
99
97
103
105
115
128
140
148
150
156
152
145
150
151
146
142
148
144
143
155
145
144
149
145
148
148
153
149
146
158
152
148
151
156
149
147
157
149
146
157
154
144
150
154
146
153
152
148
149
154
154
152
150
150
147
151
152
151
145
152
156
148
152
152
146
149
148
152
148
151
146
147
151
150
146
148
148
142
150
148
147
142
151
149
146
153
148
141
148
152
145
146
152
143
141
148
148
144
149
147
150
150
