127
125
130
132
128
128
131
130
128
131
130
127
128
131
127
129
131
133
127
131
131
127
133
130
130
127
132
131
127
134
131
129
132
137
128
131
132
132
129
131
130
127
136
133
129
131
132
132
130
133
131
128
134
132
127
133
130
130
128
136
133
129
137
134
128
132
134
130
133
132
136
133
133
134
128
134
137
131
130
138
132
130
136
135
132
136
132
125
133
137
131
134
135
130
132
136
134
126
135
133
130
131
138
131
128
126
119
111
111
111
107
101
98
96
94
96
94
95
97
92
101
102
98
107
120
126
140
146
146
142
144
144
136
142
141
136
141
140
144
136
146
142
136
142
142
140
142
144
138
140
142
148
136
142
143
143
145
147
141
145
146
147
140
148
144
148
144
152
143
146
144
143
142
151
145
146
143
145
139
148
147
148
141
150
144
138
145
148
144
146
150
142
142
145
146
144
144
150
139
146
147
141
143
145
144
139
143
144
144
142
146
143
138
144
142
139
146
141
138
144
141
141
140
149
139
141
141
144
135
144
139
140
140
144
142
138
140
141
134
140
138
130
136
137
137
130
135
139
132
137
140
