133
137
129
129
129
128
125
132
136
127
135
129
129
129
135
128
125
129
140
126
129
130
121
131
130
126
126
134
133
124
127
135
130
127
133
135
130
130
132
128
126
135
129
127
129
130
132
129
127
130
131
132
133
131
129
133
132
130
127
134
135
129
131
129
128
127
128
128
128
123
123
132
123
126
118
121
124
121
120
126
125
125
125
123
125
125
125
123
133
138
139
139
141
137
134
140
139
130
146
137
132
141
137
136
134
136
141
129
135
141
137
135
141
129
130
135
131
137
136
136
127
139
136
136
136
137
139
139
135
142
129
136
143
136
134
138
129
136
138
132
131
136
137
131
139
140
129
128
138
135
130
137
135
125
137
136
128
127
134
137
135
130
136
130
137
133
132
134
137
133
129
141
138
130
134
133
131
131
132
136
135
131
132
127
132
136
134
135
134
131
131
133
139
132
134
132
126
133
132
130
130
133
129
125
127
135
128
129
131
132
131
140
130
128
142
134
130
137
133
131
129
127
135
126
129
128
132
131
132
121
132
134
129
128
139
131
128
131
125
121
126
129
124
132
132
122
127
126
122
120
130
