136
136
133
132
131
128
132
137
135
134
137
136
131
138
133
130
134
137
133
135
135
133
133
136
140
132
137
140
136
136
138
132
133
139
137
133
135
137
136
139
137
135
138
135
136
135
140
137
134
141
135
135
142
139
139
133
141
137
137
140
137
134
139
139
135
135
134
126
119
119
116
113
112
105
98
98
99
96
97
97
93
102
101
94
105
106
111
121
140
147
145
151
146
141
145
146
139
141
141
144
140
145
143
141
147
149
142
144
149
142
145
147
146
143
147
149
143
149
147
149
147
149
148
147
154
150
146
149
146
145
149
149
147
147
154
149
143
148
149
145
154
151
145
147
151
147
144
151
146
146
151
147
145
145
148
146
146
150
145
144
153
146
144
148
146
147
148
150
143
145
148
148
143
146
147
147
144
149
142
147
151
142
143
147
145
145
146
146
143
142
149
144
143
146
146
146
146
145
140
141
149
140
143
141
144
143
140
144
142
138
142
141
138
144
140
141
141
144
142
141
139
137
138
140
141
136
141
143
137
139
137
138
137
139
136
134
142
134
132
135
134
129
122
130
133
128
131
133
128
132
140
