127
130
129
122
130
126
120
128
128
127
125
129
126
126
127
123
120
126
127
123
127
128
123
126
128
124
123
124
128
122
125
124
124
122
122
123
119
127
124
120
124
126
123
120
125
122
125
128
125
124
123
128
123
122
127
127
120
125
124
122
124
125
120
125
129
125
124
129
124
126
129
125
125
125
127
127
122
129
124
125
126
127
121
126
130
125
120
129
126
123
128
127
125
122
129
122
126
129
125
122
127
126
121
125
129
126
123
122
115
112
110
106
99
100
99
88
92
90
88
94
91
91
94
95
98
110
120
122
134
134
132
136
134
131
133
135
135
131
133
129
127
137
137
133
131
131
130
130
136
137
137
139
133
136
138
136
134
139
136
136
136
139
133
136
139
137
138
137
140
138
138
140
142
136
143
140
141
136
140
140
141
139
144
136
141
139
139
138
143
138
139
140
142
134
144
140
139
140
140
140
142
142
140
137
144
142
137
139
141
142
140
142
141
140
144
140
139
142
140
140
142
142
139
137
145
139
141
140
145
138
143
140
143
136
145
140
137
145
138
141
139
143
139
139
142
141
135
143
139
141
149
