131
129
129
131
137
127
128
135
131
129
130
134
124
125
131
125
124
132
126
129
135
132
122
131
136
127
123
136
130
126
135
133
129
131
139
128
129
134
125
128
137
130
128
129
135
127
127
133
131
134
135
130
125
139
133
133
131
131
131
129
133
132
130
133
131
131
135
132
128
134
130
129
134
133
133
130
133
132
132
130
132
128
124
136
131
127
137
131
128
133
130
129
129
130
137
129
126
133
124
120
128
120
123
123
116
119
118
116
118
116
116
115
121
122
117
117
116
125
118
130
133
129
136
140
137
139
146
139
137
147
140
139
150
143
137
142
143
138
139
144
139
137
149
144
130
138
133
134
133
135
136
129
130
134
128
136
135
133
135
132
134
134
141
129
130
138
137
130
133
136
133
134
132
141
130
133
136
136
128
138
132
131
133
140
128
136
139
134
132
137
131
129
135
137
132
133
132
127
132
138
133
133
136
137
128
133
133
129
128
138
128
131
139
135
128
129
138
131
135
136
130
132
129
123
132
132
132
128
131
128
128
130
126
130
126
132
125
131
126
130
127
124
130
126
128
132
125
124
132
126
132
