134
141
138
131
139
143
134
137
141
131
135
142
140
133
141
142
134
142
144
139
134
141
136
131
138
138
129
133
137
128
133
133
127
127
135
130
127
131
133
123
127
133
132
127
132
135
128
132
132
130
131
135
129
129
131
134
132
133
139
131
138
136
133
134
136
129
132
143
134
128
138
135
132
137
141
135
133
139
139
132
137
139
127
139
139
132
136
139
137
131
142
139
133
137
141
134
134
125
121
112
117
109
100
101
100
91
90
92
85
92
90
87
93
93
88
94
93
96
107
114
129
145
147
146
152
153
142
145
144
141
143
147
143
141
146
146
142
146
150
143
142
149
143
143
150
152
141
149
152
143
147
149
149
142
153
148
140
150
152
145
150
154
144
146
152
147
144
147
150
145
145
152
145
148
152
150
148
151
152
145
154
151
146
150
153
148
147
155
155
147
152
151
140
149
151
145
148
154
150
146
152
152
146
146
154
146
147
148
147
141
148
148
143
144
151
142
141
148
145
142
147
145
139
146
148
137
142
149
143
142
144
138
134
138
141
128
136
138
134
136
137
135
131
136
137
130
135
139
133
134
149
