131
131
129
136
132
134
135
132
125
133
132
130
137
135
131
128
135
137
132
138
128
133
137
133
132
138
135
132
137
138
135
130
135
136
132
134
139
134
135
139
136
131
137
134
135
135
139
134
134
142
133
133
138
138
134
137
138
134
133
138
134
137
141
136
135
142
136
136
141
138
139
135
139
138
136
142
139
136
141
142
140
138
142
141
135
142
139
137
141
138
138
138
139
142
137
145
137
135
138
130
126
126
125
117
112
117
106
102
104
101
100
95
104
102
103
104
104
113
124
136
143
149
153
151
146
148
142
144
146
145
144
145
144
142
142
146
143
143
146
145
145
148
147
142
145
145
144
146
149
143
146
152
144
146
150
149
142
147
149
147
145
147
148
142
145
146
144
146
149
143
145
149
147
144
144
145
142
144
149
144
144
151
142
141
147
144
142
143
147
147
140
147
144
142
146
147
144
145
145
145
142
148
146
142
147
144
144
146
143
139
140
143
143
140
148
142
137
148
143
143
143
146
146
139
146
144
142
143
144
141
140
143
141
140
145
141
140
141
141
134
139
131
132
132
135
129
126
134
134
130
143
