122
128
128
124
129
127
127
127
124
128
120
132
133
123
129
126
128
124
127
129
122
130
130
121
125
128
126
125
130
125
123
128
127
124
129
128
128
123
129
126
127
130
125
124
130
124
125
126
128
128
126
132
125
124
129
124
126
125
129
125
125
129
125
126
130
128
124
130
126
127
128
129
130
125
127
127
122
126
129
127
129
130
129
123
133
130
125
129
132
129
129
135
130
126
131
132
127
132
132
130
129
134
133
129
133
133
128
135
129
123
119
124
120
110
113
108
100
102
101
92
97
95
91
95
97
92
104
103
97
116
125
126
141
139
143
137
138
139
132
139
134
132
137
134
133
135
138
138
137
147
139
137
143
141
142
142
142
142
143
145
147
140
145
148
146
146
146
143
141
152
145
143
149
145
148
145
150
145
143
150
148
140
149
147
150
143
148
142
147
146
146
147
142
149
143
150
145
145
143
152
147
141
148
145
147
144
148
144
144
147
148
142
149
145
144
145
150
139
146
149
144
144
147
146
144
145
144
145
141
145
144
138
143
143
135
141
137
133
137
139
139
136
143
138
135
144
133
133
137
140
95
