123
132
135
124
132
133
131
126
131
133
126
133
135
127
132
134
131
131
133
135
126
135
137
124
134
136
130
129
131
129
126
136
133
124
133
133
122
128
135
128
127
133
131
125
131
137
124
129
133
128
123
133
132
122
130
135
123
125
133
127
126
131
128
122
132
134
121
126
133
127
126
133
127
123
129
127
118
127
132
123
127
131
125
121
129
130
121
129
133
123
125
132
127
126
132
130
125
132
132
124
131
133
124
127
133
132
127
134
136
126
135
138
126
129
132
132
127
136
134
125
135
135
126
127
135
129
126
135
125
116
119
114
102
109
105
96
94
94
86
94
93
85
92
94
86
98
100
103
125
137
133
138
145
138
137
142
138
128
138
138
132
137
141
133
134
141
137
134
143
138
132
141
142
136
139
141
141
136
145
140
129
141
143
130
143
146
136
138
143
139
134
143
144
134
143
142
136
139
143
136
134
144
144
135
143
141
135
142
145
137
137
142
142
136
141
142
135
142
144
140
140
144
142
135
143
141
134
141
147
137
137
146
136
140
143
140
133
141
142
136
137
146
135
134
141
140
132
143
142
130
146
