136
130
141
136
137
135
144
133
143
144
134
133
143
138
137
139
135
135
139
139
146
137
137
140
138
139
136
136
136
140
136
138
136
134
140
137
133
136
136
139
134
141
140
139
143
143
140
135
139
136
137
140
142
137
140
138
135
137
141
140
135
143
140
133
136
134
134
130
143
136
131
133
142
135
141
138
138
132
136
132
136
134
141
132
137
140
129
137
138
132
128
137
132
134
129
145
129
135
139
129
134
137
131
137
134
136
129
134
133
136
131
139
132
130
140
138
138
139
132
140
134
129
140
133
140
139
140
138
136
131
133
141
132
133
124
126
113
117
121
115
122
121
123
126
124
116
119
122
120
124
119
116
119
122
123
129
139
139
138
144
145
135
136
145
135
141
141
136
141
135
148
137
143
138
132
140
140
134
132
135
130
130
131
135
126
135
137
134
124
136
128
122
136
132
123
129
136
127
130
136
128
124
137
135
122
133
132
129
126
129
131
125
131
135
124
130
130
130
125
126
128
124
126
125
127
125
123
125
124
127
124
131
124
122
128
129
123
124
128
130
120
125
129
131
121
129
131
126
124
125
138
