127
133
137
130
129
134
134
124
135
133
124
130
133
128
128
134
130
128
133
134
124
132
136
124
132
136
132
128
132
133
127
135
137
128
133
135
129
128
131
131
127
135
134
126
130
136
129
128
133
133
129
136
138
125
132
136
129
127
136
130
131
134
136
127
135
138
126
131
133
136
128
136
132
127
133
137
127
133
135
128
131
134
134
130
137
136
127
136
137
130
135
137
133
128
134
136
129
133
136
128
135
136
131
133
135
133
128
134
137
127
134
136
129
129
137
134
129
136
135
130
135
140
129
133
138
132
130
135
137
127
137
137
130
136
139
132
134
137
138
129
136
137
125
130
129
111
108
113
103
94
102
98
87
94
90
90
93
86
90
100
94
100
116
118
130
146
143
134
145
143
130
139
144
136
141
145
141
139
141
146
135
144
145
140
141
148
143
137
146
150
136
147
146
138
142
144
139
143
145
147
143
149
149
139
147
151
143
145
147
147
141
147
150
144
148
152
140
143
151
146
144
147
148
136
150
156
144
149
152
143
142
155
150
145
150
153
142
146
150
145
148
150
149
148
147
149
143
142
147
137
130
