138
131
132
140
133
136
138
131
129
136
137
124
136
140
131
129
139
134
131
137
137
128
133
136
130
130
135
132
130
137
133
126
135
135
126
132
137
129
129
133
131
127
134
134
126
130
134
127
129
132
131
123
133
131
120
131
138
125
128
134
132
126
135
133
123
130
134
123
128
135
123
123
133
130
122
134
134
125
133
134
128
127
132
128
125
132
135
124
133
131
124
128
133
127
125
132
132
122
131
135
122
127
132
130
128
136
133
122
132
133
123
129
134
127
124
134
131
128
130
134
125
122
124
112
114
116
107
96
100
98
86
95
89
87
92
84
85
92
85
91
93
93
113
127
126
139
140
135
138
142
136
130
137
135
128
135
139
130
134
138
134
132
144
142
132
137
144
135
141
145
137
136
140
142
136
143
139
134
139
143
138
135
145
140
132
142
143
135
142
144
138
138
141
137
137
148
143
139
146
147
137
141
142
140
137
145
143
138
145
148
139
144
146
139
140
148
145
137
144
148
135
145
147
140
140
148
143
140
145
143
133
140
143
138
137
143
139
135
139
141
131
141
145
136
137
143
136
138
143
137
143
