148
150
139
144
144
144
139
148
142
146
145
142
145
146
147
141
146
144
138
139
148
143
137
142
137
137
145
141
140
143
149
138
142
143
143
131
138
140
134
142
141
137
140
137
134
139
139
136
134
134
141
129
135
138
136
132
142
131
132
140
135
129
132
140
128
132
138
132
128
134
131
126
137
133
131
129
134
129
129
136
133
130
133
134
121
129
133
134
125
126
131
124
133
130
128
129
130
128
120
129
122
117
127
126
126
126
126
127
124
125
126
121
127
121
125
122
118
110
114
112
116
112
117
110
115
116
112
116
114
110
116
114
110
113
121
118
125
132
130
140
136
138
128
138
135
135
135
142
127
138
135
138
131
138
134
126
134
127
130
127
134
127
131
135
132
129
135
133
132
131
135
126
129
132
131
123
131
131
127
124
130
124
129
128
124
126
131
127
125
121
129
123
129
129
123
127
130
129
122
131
126
121
125
126
120
125
121
133
124
132
132
121
127
125
127
122
133
128
123
132
128
120
125
126
127
130
131
131
120
129
122
129
124
136
123
125
127
125
127
124
120
126
134
126
128
125
131
120
118
129
135
