129
133
127
127
130
130
126
130
132
126
129
129
131
130
134
132
127
132
130
129
127
132
130
133
128
128
128
135
134
129
132
133
129
132
134
133
129
134
133
128
134
137
129
130
133
129
132
137
135
132
134
132
129
133
135
136
132
137
135
130
138
131
131
132
134
136
135
133
133
129
135
136
133
135
135
133
132
137
136
134
137
136
131
136
135
135
138
137
132
134
140
134
132
140
135
132
141
134
134
139
137
135
138
138
138
135
140
135
135
141
138
136
137
140
133
131
140
136
137
138
136
131
133
135
135
124
124
117
109
106
105
100
99
96
94
99
98
98
100
103
96
106
109
115
129
139
147
150
155
148
145
146
150
148
144
147
146
142
146
141
144
148
147
147
146
147
148
144
153
148
141
154
148
142
145
149
146
149
150
152
149
148
151
144
151
150
147
148
149
150
150
152
146
145
152
146
144
150
147
147
148
149
150
149
152
152
146
146
146
150
145
147
146
143
148
150
145
150
152
144
145
148
145
144
149
147
147
151
147
142
149
150
150
143
149
145
144
151
144
145
146
146
146
142
147
147
145
145
147
146
143
