114
123
120
119
121
121
121
108
122
120
117
120
120
118
118
119
117
117
121
110
121
124
116
122
123
119
117
119
117
120
113
124
120
114
125
117
117
126
121
119
120
119
119
121
121
111
124
122
115
127
123
118
122
126
121
120
121
122
114
126
117
126
125
125
123
125
124
123
128
127
120
126
133
127
122
132
126
128
129
128
127
131
129
132
143
141
143
157
153
164
173
165
178
173
181
184
180
183
184
177
181
180
177
182
176
165
162
149
149
139
137
129
133
132
131
127
124
132
125
124
128
124
124
127
126
123
125
122
121
128
124
122
120
132
123
125
126
122
123
126
117
125
127
119
125
126
123
119
125
124
114
128
125
122
118
128
121
124
126
124
122
117
124
118
129
125
118
130
127
123
124
120
127
125
128
125
119
132
130
124
129
124
131
121
131
126
120
131
128
123
132
126
126
127
127
123
129
129
124
122
131
129
126
129
130
124
125
134
124
130
133
124
132
130
129
131
131
124
133
126
135
127
131
128
137
129
129
139
131
130
136
130
132
132
136
130
135
138
135
134
137
135
132
136
133
134
136
137
133
133
128
