143
136
136
141
137
141
141
140
136
141
141
138
141
143
138
138
142
139
136
142
142
140
141
142
139
143
142
139
143
140
141
137
141
141
140
142
145
141
144
145
143
140
144
144
143
143
145
141
142
145
143
143
144
144
142
144
145
143
145
147
145
141
147
147
141
145
149
140
144
145
143
144
146
143
144
146
147
139
146
145
144
143
147
143
142
145
147
144
145
146
143
148
149
145
148
145
148
147
148
148
151
151
153
147
147
151
149
149
151
151
149
153
154
151
154
155
154
154
159
155
151
153
159
157
165
169
170
172
176
170
166
166
170
164
167
170
169
174
182
181
182
187
188
181
186
188
185
186
189
186
184
190
188
183
191
187
184
184
188
185
182
185
180
175
164
155
139
136
131
128
128
132
127
127
129
128
127
126
129
123
127
127
124
126
126
124
120
121
125
118
123
123
121
121
125
119
122
124
123
118
124
125
123
122
125
123
120
128
124
125
122
128
122
126
130
124
124
129
127
124
128
127
124
125
125
122
122
124
126
122
126
125
123
127
127
123
126
127
127
125
127
128
127
126
129
126
128
132
127
131
142
