152
158
148
152
156
153
151
154
154
153
152
156
151
152
154
151
148
154
153
153
153
152
151
154
154
149
150
153
150
150
153
151
148
153
153
148
152
150
154
151
151
153
150
154
155
152
156
155
150
153
157
155
152
158
155
149
156
157
150
155
156
151
151
157
157
147
155
155
149
152
154
151
150
155
151
151
155
154
148
152
153
149
151
150
152
147
153
152
147
156
154
149
153
152
148
148
150
150
146
153
152
146
154
155
146
148
150
150
146
152
151
149
149
155
145
153
153
153
151
159
156
153
157
156
149
151
153
155
161
173
179
180
183
185
181
183
184
181
180
182
180
180
184
185
181
180
183
177
183
179
176
175
179
175
176
176
167
153
147
138
127
126
131
128
123
131
130
128
133
133
127
135
131
129
126
126
128
122
125
128
122
129
128
122
128
125
128
123
126
131
123
124
133
126
126
129
124
129
127
126
125
126
128
125
124
133
125
129
128
125
129
127
125
126
124
129
128
126
127
131
124
129
133
126
126
137
127
128
133
129
126
131
131
125
132
137
126
127
135
124
128
130
128
129
133
132
127
136
132
128
144
