136
135
132
137
136
131
134
136
131
134
136
133
135
136
133
134
135
132
134
133
133
134
134
134
134
135
133
134
136
130
134
133
129
134
136
131
135
134
133
133
135
130
134
134
133
134
135
131
136
136
132
135
135
134
134
134
133
133
133
134
133
136
135
140
147
151
158
163
168
173
175
176
179
176
179
181
182
180
180
177
178
179
173
169
162
150
144
143
137
139
137
135
135
134
132
132
130
130
131
131
130
132
130
130
132
130
129
128
131
129
129
127
127
125
129
129
126
128
127
127
128
128
125
126
127
124
125
126
126
123
125
127
125
124
128
125
124
127
125
123
125
127
126
128
128
125
126
129
125
123
129
124
126
125
129
127
127
128
126
130
130
128
127
130
131
127
129
131
131
132
135
131
130
131
132
129
130
131
129
131
134
131
132
135
131
132
132
133
129
132
135
132
134
137
134
133
133
136
134
134
137
133
135
137
136
136
136
135
133
133
137
134
135
138
136
136
136
138
136
137
137
136
134
137
135
137
139
138
136
135
138
137
138
141
139
140
141
139
141
138
143
139
138
143
138
143
143
144
143
143
251
