123
127
126
124
125
123
127
121
127
126
124
127
126
129
127
122
126
124
123
119
131
124
124
129
126
123
126
124
119
126
129
123
119
131
128
126
133
131
119
131
131
127
122
130
127
125
135
127
124
131
130
122
127
127
125
125
133
131
125
130
130
129
123
132
126
127
133
130
126
133
133
126
134
133
128
133
135
129
127
131
131
126
131
133
129
132
134
131
130
135
129
131
133
130
134
134
125
136
130
129
136
128
130
137
132
126
136
134
127
137
137
131
128
137
129
132
138
135
130
138
138
132
131
139
131
130
144
138
148
152
158
154
158
166
163
156
171
161
165
161
169
158
168
167
160
161
166
160
161
161
162
149
147
131
130
125
127
126
125
121
125
120
125
122
116
126
126
119
122
126
125
119
127
124
119
128
119
126
119
126
125
122
122
129
124
122
125
123
119
131
127
125
127
123
123
127
123
124
126
124
124
126
123
127
128
123
125
125
126
126
127
121
125
127
119
129
130
126
126
130
125
127
130
125
127
130
126
130
128
124
127
129
127
128
129
128
129
131
129
130
129
133
131
129
133
131
129
132
130
129
123
