123
121
122
120
120
122
124
122
125
123
120
122
123
119
124
124
122
120
124
122
124
124
124
121
124
122
119
125
122
121
120
123
122
120
122
122
120
120
123
118
126
120
120
125
123
121
125
130
131
140
146
149
158
162
162
159
171
168
165
171
172
170
175
175
173
173
172
163
157
150
141
131
134
129
125
127
126
121
124
122
121
119
127
120
119
125
121
120
121
122
120
121
121
121
120
122
122
121
122
122
119
123
121
120
123
122
119
126
122
123
118
123
120
117
125
123
120
119
123
121
121
122
121
119
122
122
120
122
122
121
121
123
123
122
125
125
124
126
125
124
123
127
126
123
127
127
123
123
127
126
125
131
127
125
130
127
122
127
126
127
126
126
128
123
131
129
123
128
129
126
130
129
127
131
132
130
130
133
133
131
132
133
131
135
135
135
137
139
131
138
135
134
139
136
132
137
136
135
139
137
136
138
136
134
138
138
133
137
138
137
136
139
137
137
139
137
138
139
138
136
140
138
134
142
139
138
143
142
137
141
140
139
141
143
141
142
139
142
138
145
143
139
146
143
142
143
142
139
143
141
170
