125
122
133
126
126
129
123
124
124
130
121
125
129
123
122
124
124
114
121
125
115
117
126
119
118
129
129
125
129
132
127
130
127
126
126
129
126
122
125
123
127
126
131
123
128
124
122
124
121
130
120
126
127
125
119
125
125
124
127
126
122
126
129
116
120
128
123
128
129
124
120
125
124
122
123
124
122
122
118
118
114
114
114
111
112
112
105
107
112
111
108
116
116
112
113
118
117
126
129
123
128
125
128
128
129
132
126
131
128
130
125
132
132
126
134
127
126
128
132
132
128
132
128
125
125
133
127
126
132
126
129
124
131
126
132
131
127
130
129
128
123
131
126
128
134
127
129
127
130
126
128
128
137
131
138
136
130
131
135
127
130
132
136
128
132
130
126
131
128
127
127
125
124
124
130
127
126
130
125
126
127
125
125
126
131
126
126
124
128
126
130
128
130
125
128
127
124
132
135
128
131
136
128
127
131
125
129
132
133
132
128
135
128
129
127
135
131
133
130
127
136
131
128
132
135
136
138
134
134
128
130
128
128
130
129
130
126
131
129
127
126
132
125
129
129
130
124
131
129
129
132
