149
150
152
149
149
151
147
150
149
147
148
150
146
149
149
150
144
147
148
143
151
151
149
143
148
145
143
147
149
143
148
148
146
141
150
144
142
144
147
140
148
145
141
146
143
145
141
146
146
139
141
141
144
138
142
146
142
142
143
137
143
141
141
140
134
144
140
142
141
140
141
142
137
139
141
137
140
138
134
136
141
141
140
146
150
148
150
155
153
156
151
165
158
162
164
163
164
166
166
163
169
166
163
166
166
163
165
167
161
166
166
164
163
163
159
164
160
152
145
138
127
122
120
118
117
119
117
117
116
114
115
117
117
116
118
119
114
117
118
113
116
118
114
115
118
117
117
116
115
118
117
113
116
117
113
117
117
115
117
116
115
116
118
113
118
118
116
118
122
114
117
121
117
122
119
119
121
123
117
118
121
118
119
122
118
121
121
119
122
122
118
123
122
118
125
125
123
124
125
122
123
126
124
123
125
127
123
127
127
123
128
125
124
127
128
124
128
131
128
126
128
127
125
130
130
127
129
131
127
130
134
129
134
132
132
129
131
130
132
133
131
132
134
136
132
136
136
132
134
136
129
