145
148
143
145
146
144
145
146
145
143
147
142
144
143
143
143
146
143
142
145
144
142
146
141
143
146
141
143
143
143
143
145
143
144
145
142
145
146
144
145
145
142
146
143
142
144
143
146
145
143
144
144
142
144
143
142
145
142
143
142
140
144
143
142
141
145
141
144
143
141
145
150
151
158
164
166
172
180
179
186
188
185
189
191
192
195
195
196
196
192
195
194
192
192
186
175
172
165
151
151
149
147
147
147
145
144
142
141
137
141
135
140
139
142
139
139
142
136
140
138
134
137
138
132
135
136
134
135
136
134
133
134
133
131
134
135
130
134
132
132
133
132
130
133
133
131
132
132
129
131
131
129
133
133
133
130
133
133
127
130
131
129
130
130
128
132
133
129
131
134
132
135
132
132
131
134
132
131
135
132
131
134
133
131
131
133
129
131
131
128
132
132
127
131
132
130
134
132
131
132
136
132
132
134
132
133
133
132
132
134
134
132
134
135
131
135
136
132
135
136
135
135
137
135
134
136
135
132
135
135
133
136
135
133
136
135
134
135
136
132
136
135
133
135
138
135
133
138
137
136
177
