152
153
149
149
149
155
147
150
152
148
146
154
151
149
150
150
145
152
154
147
150
150
145
148
149
146
149
151
152
146
150
152
145
150
152
149
145
153
152
146
149
151
145
149
150
144
144
146
147
147
148
147
140
150
149
145
144
148
146
143
149
150
143
147
147
141
148
147
146
142
144
147
143
146
147
139
147
148
143
140
147
148
142
145
143
141
145
147
138
141
146
142
144
145
142
141
145
143
145
143
146
145
142
144
145
137
143
146
141
145
144
140
142
145
142
145
146
144
141
144
145
141
140
142
147
143
144
142
139
139
146
142
142
146
141
141
144
146
141
143
144
138
137
145
140
140
142
142
138
145
145
140
143
144
142
142
145
143
141
144
147
139
142
142
142
142
149
149
151
156
162
162
166
174
171
172
179
176
179
176
181
180
181
185
182
181
182
179
177
179
177
175
178
177
173
179
175
178
173
177
179
179
177
173
164
166
173
165
169
170
165
165
166
160
150
149
148
140
139
142
137
137
135
133
131
129
134
131
128
135
128
128
131
126
126
132
130
126
122
131
125
125
129
124
123
126
129
125
126
131
193
