124
121
120
119
124
119
119
122
117
123
121
121
121
122
116
122
119
120
121
122
115
123
123
117
123
123
118
122
121
119
122
121
119
125
124
118
125
123
118
126
122
118
126
123
119
126
123
121
127
125
125
126
127
127
126
127
127
126
128
132
136
145
148
147
154
158
153
160
161
159
164
164
161
166
163
163
166
166
165
166
167
165
167
169
160
157
148
137
133
129
127
128
126
121
128
125
125
128
126
123
127
128
122
129
128
123
131
126
124
129
128
122
127
127
127
130
129
126
128
128
126
130
130
130
132
129
126
132
130
132
131
131
128
127
132
128
131
130
131
132
130
129
131
134
130
132
131
131
129
133
133
129
133
132
130
133
134
130
133
131
131
131
132
133
129
132
132
130
134
132
129
134
135
133
135
134
134
134
138
136
135
139
138
134
138
137
136
139
138
137
140
138
137
138
138
136
136
139
137
135
140
139
137
141
139
138
141
141
137
142
142
138
139
141
141
142
141
141
139
143
142
140
143
142
141
142
144
145
143
144
144
141
144
145
142
141
144
145
141
145
144
142
143
143
142
141
146
143
142
143
34
