125
127
130
126
127
129
126
127
129
123
125
127
126
126
127
128
127
128
125
129
128
127
127
128
127
127
128
128
127
127
131
129
125
129
131
127
127
133
128
133
142
140
150
156
155
159
164
161
161
166
157
163
165
161
162
160
161
163
162
156
153
147
137
136
130
128
129
131
132
130
129
128
128
123
127
132
125
130
130
126
128
127
128
128
130
127
129
128
125
130
130
129
129
131
130
131
133
128
130
131
129
130
130
129
129
131
132
131
133
130
129
132
128
127
133
131
130
133
133
129
132
131
130
131
133
128
131
133
130
134
136
129
132
133
130
135
136
134
135
135
131
135
133
129
135
135
135
135
138
133
133
136
134
133
137
136
132
136
137
135
137
140
134
138
136
136
139
138
136
135
139
137
137
139
137
136
137
137
133
138
138
134
137
139
134
137
139
136
140
138
137
138
139
137
136
140
137
140
139
142
137
141
145
139
140
142
138
139
138
139
135
139
144
139
140
143
140
139
143
141
139
141
142
139
141
142
139
140
143
142
140
144
145
143
143
141
143
141
142
142
140
141
146
140
145
143
142
141
145
146
34
