131
122
129
130
126
134
127
129
127
124
131
121
132
129
125
128
133
132
129
129
130
124
128
132
130
131
132
127
123
128
128
128
130
128
131
127
131
125
126
134
131
126
128
124
124
125
130
125
129
133
131
126
132
133
125
126
128
127
128
129
132
121
130
127
129
125
129
126
129
127
128
123
131
126
131
127
132
127
125
127
129
127
123
131
125
129
130
126
131
131
125
127
132
128
124
129
124
126
131
127
128
125
128
128
126
128
127
121
120
121
119
118
123
125
117
123
125
118
119
122
125
119
123
130
122
130
129
127
129
130
129
129
127
131
125
127
130
125
132
125
126
132
131
129
135
133
137
131
134
130
128
132
131
132
129
133
129
129
132
134
129
130
131
131
127
134
131
126
134
131
131
132
131
129
130
131
133
130
129
131
127
134
133
126
128
133
134
128
134
130
130
131
132
126
130
131
133
128
130
131
125
130
130
127
131
127
132
126
125
126
125
132
129
125
127
129
129
129
132
131
126
136
131
125
130
130
126
126
130
131
127
130
129
130
130
135
127
132
134
132
127
132
132
126
129
132
129
128
131
132
124
