141
142
137
141
139
139
138
138
139
138
139
140
138
139
140
136
138
139
138
136
139
137
136
137
141
133
138
138
138
137
139
136
136
138
140
137
139
140
135
137
139
140
135
140
141
135
139
139
137
137
139
138
136
137
139
136
136
136
135
136
138
136
135
138
140
135
137
137
136
136
135
137
135
136
138
134
137
138
134
136
136
137
133
137
139
135
138
139
135
138
139
139
139
147
151
153
160
161
160
164
168
168
166
168
171
169
172
172
168
170
173
172
168
171
171
168
165
159
149
141
134
129
127
126
123
125
127
124
123
124
124
123
124
125
121
124
123
123
127
123
123
126
125
123
128
123
121
124
125
121
125
127
123
126
127
120
126
127
122
127
124
121
126
125
125
129
126
126
126
125
127
126
123
125
126
125
126
127
124
127
125
126
127
128
126
128
127
127
127
129
127
128
128
128
131
132
127
129
130
127
132
129
126
134
129
129
133
134
131
133
133
128
134
131
131
134
135
131
134
136
132
135
135
134
137
138
132
134
133
127
131
129
126
133
130
127
132
130
129
132
131
132
131
132
128
131
134
129
134
136
0
