129
122
130
130
122
124
126
128
119
126
125
117
124
122
127
119
125
122
118
123
127
118
122
125
117
117
123
128
114
123
123
122
121
125
119
120
123
122
120
122
121
119
122
127
120
122
120
123
113
120
123
120
125
127
120
119
122
121
117
122
124
121
128
125
122
123
118
121
123
133
127
130
125
128
119
124
123
129
120
126
131
123
126
128
126
129
130
128
122
133
132
124
132
134
125
131
131
129
131
128
134
126
138
135
128
130
135
129
131
133
135
129
130
129
126
134
133
125
130
131
132
130
131
134
131
135
133
137
136
139
139
138
142
143
135
138
142
136
141
140
139
138
141
139
141
138
144
142
138
141
141
138
144
141
138
141
143
141
136
141
136
138
144
137
141
142
139
140
136
144
137
146
140
140
136
145
142
137
141
144
141
144
146
141
136
147
147
151
147
148
138
143
145
148
145
147
144
142
151
145
145
142
144
138
144
147
143
136
142
143
142
146
147
138
140
140
142
143
137
141
136
141
141
136
137
141
141
133
138
137
136
139
140
138
134
143
146
142
148
148
142
145
146
139
142
144
146
137
142
145
129
