133
125
134
133
127
133
128
135
121
133
131
130
133
135
131
125
133
132
131
132
132
130
125
134
128
129
136
127
127
132
139
134
141
151
148
151
165
164
167
169
169
174
172
175
170
172
177
167
173
162
151
150
132
135
124
130
124
129
118
129
120
119
129
125
117
125
121
123
120
123
120
116
124
116
117
121
115
118
124
112
120
120
114
116
119
115
112
120
114
114
120
109
118
118
114
112
120
114
111
117
114
117
119
110
121
115
116
115
121
112
112
119
115
110
119
113
109
117
114
114
121
112
113
120
109
118
117
114
115
106
115
117
114
116
114
116
112
118
121
115
113
120
117
113
121
119
114
125
112
125
119
110
119
123
110
121
113
119
118
119
116
122
121
123
121
120
124
118
124
119
124
124
128
122
122
122
124
120
121
127
121
122
129
124
121
131
122
130
127
128
125
132
125
131
122
130
128
125
133
126
125
130
124
132
130
122
130
130
123
131
133
125
131
131
134
132
129
138
131
126
136
133
132
137
132
129
139
132
129
138
128
141
138
136
130
139
135
134
143
130
138
134
140
136
141
138
137
146
132
144
0
