134
136
134
136
136
132
133
134
132
134
135
135
135
137
136
134
138
137
134
135
136
132
133
136
133
136
142
146
148
155
159
159
165
166
166
169
171
172
176
177
173
176
176
175
177
174
173
167
159
148
143
137
132
131
133
129
125
128
125
126
128
124
124
125
126
121
126
122
121
124
126
121
126
124
124
124
125
123
122
124
122
122
124
123
121
124
123
121
124
125
123
127
127
126
126
126
122
123
125
126
122
121
125
123
124
127
125
124
128
127
126
128
127
128
125
127
127
126
130
130
129
132
132
130
132
132
130
132
132
128
130
132
131
133
135
134
131
135
135
134
134
138
134
137
135
138
137
138
138
136
138
138
134
138
139
138
139
142
140
143
146
140
142
143
143
141
143
144
140
145
147
142
146
146
144
146
147
142
146
146
143
145
146
144
146
147
146
146
147
145
145
147
145
144
145
145
145
146
146
145
146
148
141
146
148
140
149
144
145
145
146
146
145
146
146
144
147
144
145
147
147
146
146
150
146
149
151
147
147
149
146
147
147
149
149
149
147
146
149
147
146
146
145
145
147
148
144
146
146
142
128
