158
165
165
163
163
164
165
163
163
162
162
163
160
163
162
162
161
162
161
162
161
162
163
161
164
162
160
160
161
160
162
162
157
161
161
155
165
158
158
164
163
157
161
163
158
161
161
157
160
160
155
159
161
156
159
160
155
160
162
155
159
158
155
158
158
157
160
158
155
160
159
157
157
160
155
158
158
157
162
165
168
174
180
178
184
184
184
186
188
181
186
187
184
190
188
184
188
184
184
186
185
180
181
177
169
162
154
146
144
146
142
141
144
144
141
141
142
137
141
142
138
140
142
140
139
140
143
138
141
141
131
141
139
138
140
141
141
136
139
140
135
139
139
134
137
141
138
133
142
142
136
139
141
138
139
141
138
139
140
145
139
141
142
138
141
140
141
139
140
143
137
142
142
137
142
142
141
141
140
142
140
138
143
138
140
144
142
141
143
142
138
146
145
138
143
148
146
142
150
145
143
143
149
143
147
146
144
141
149
147
141
149
147
145
145
140
147
147
148
144
141
152
148
144
147
147
145
144
147
141
147
148
147
143
146
148
147
147
150
146
145
151
149
146
151
149
148
150
151
147
0
