152
147
152
151
148
147
150
146
147
151
147
148
152
149
146
150
149
147
148
152
147
148
151
146
147
147
151
145
152
151
147
149
151
144
148
147
145
148
149
151
149
146
149
147
145
151
148
142
149
150
145
148
149
147
150
151
153
153
160
163
159
165
166
166
176
176
175
174
178
179
174
177
175
172
179
178
173
172
168
153
145
138
133
130
133
132
130
131
132
130
129
130
130
131
129
131
125
129
135
129
129
133
129
131
132
132
128
129
134
129
128
134
131
132
135
133
129
133
137
129
131
134
133
131
134
136
130
137
134
133
134
137
131
132
135
135
128
138
135
132
136
136
134
136
140
133
134
137
136
137
136
138
132
139
138
137
136
142
137
135
138
139
135
144
137
138
137
140
138
140
140
141
137
138
142
140
140
148
140
140
144
145
140
143
144
140
146
145
146
143
146
142
145
146
144
140
144
146
140
145
146
147
143
147
147
147
148
147
143
145
146
141
145
146
142
141
148
145
143
146
149
143
147
149
148
146
150
149
147
150
149
146
147
150
146
150
148
151
145
154
153
148
150
156
151
152
152
153
151
154
125
