126
137
131
128
126
135
128
129
127
134
125
129
133
131
129
133
132
133
134
131
129
133
133
131
129
137
129
136
133
136
130
134
134
126
135
134
132
130
135
130
130
135
133
130
130
135
133
133
131
129
131
130
136
131
133
138
131
132
136
129
134
130
134
128
135
132
131
129
133
132
129
131
132
129
131
131
127
133
130
125
126
131
122
124
121
124
119
123
127
124
121
127
128
128
134
135
136
139
145
137
138
142
146
139
144
135
136
139
143
135
138
144
137
133
129
136
130
134
139
127
132
135
130
129
135
137
130
137
137
136
136
137
131
135
133
135
132
137
135
133
135
136
131
135
135
135
129
134
134
129
133
134
134
131
135
134
130
132
131
130
134
131
133
131
133
137
123
138
133
129
133
135
128
130
129
135
126
131
128
126
131
134
130
132
129
127
127
128
134
131
133
130
123
130
129
128
126
133
130
126
126
128
126
130
133
129
132
131
130
128
132
131
125
133
135
129
131
131
127
124
130
133
129
129
132
131
132
134
130
128
130
132
131
132
137
130
132
138
130
132
136
132
130
134
132
128
129
134
128
128
121
