115
126
115
126
118
129
123
124
122
122
124
123
121
119
128
122
127
128
124
124
125
129
123
122
130
126
129
123
131
128
127
126
123
131
130
123
128
133
131
134
139
136
144
150
151
149
152
153
156
156
166
156
168
167
167
161
173
166
167
166
167
168
159
171
161
165
167
161
166
158
169
161
165
161
146
134
135
123
122
125
122
116
121
123
117
118
121
122
117
123
124
118
118
126
121
114
126
122
117
125
119
124
123
122
124
123
124
121
123
116
128
119
129
128
121
125
125
123
118
129
128
119
129
129
124
118
129
125
123
132
130
122
125
132
125
132
131
127
126
134
125
127
132
132
124
135
134
128
135
137
133
131
139
131
136
137
136
132
134
130
138
135
136
144
128
138
137
129
142
135
135
130
140
138
141
136
137
133
142
138
139
139
134
135
144
138
137
144
139
142
139
139
141
142
138
143
143
138
136
145
142
141
147
143
143
139
142
143
145
137
143
147
136
147
142
141
143
142
141
147
144
141
144
142
141
150
149
143
140
149
147
150
149
145
147
145
143
150
149
146
143
152
148
147
149
149
144
150
147
142
121
