151
146
146
152
147
148
150
148
145
149
150
147
148
151
147
146
148
149
141
144
149
144
149
152
145
144
146
145
145
147
148
139
144
151
144
146
149
144
145
147
148
143
145
147
143
148
147
143
146
149
146
141
147
146
142
145
146
141
142
146
142
143
145
143
140
146
148
145
143
145
141
143
146
146
141
145
146
142
144
147
144
144
149
141
140
142
145
144
144
149
143
145
145
144
145
148
147
142
145
147
143
144
147
146
146
150
144
143
146
144
145
145
152
147
154
163
165
174
179
180
179
185
182
178
182
184
183
182
186
183
182
187
183
178
180
181
175
165
156
144
136
138
137
131
135
135
130
133
135
131
132
134
134
130
135
136
133
132
134
132
131
139
133
136
139
138
134
139
138
136
140
141
136
137
141
137
135
138
142
137
140
143
136
136
141
138
137
142
143
137
142
142
139
141
143
140
137
140
141
139
142
144
136
140
143
141
141
144
145
141
142
143
141
145
144
140
143
144
144
145
145
147
144
145
148
144
144
148
141
145
147
148
142
146
146
145
148
150
146
145
149
145
147
150
147
145
147
148
146
146
151
