128
121
129
130
118
125
133
127
128
128
126
125
126
131
126
129
129
129
129
131
126
130
129
128
127
130
134
127
133
129
129
128
131
130
131
132
135
126
134
129
128
129
133
127
128
131
132
128
131
130
127
131
127
128
129
134
132
129
130
136
129
133
134
129
131
132
134
126
138
129
126
132
138
131
130
132
132
129
129
133
126
132
135
128
137
132
137
130
134
136
128
135
130
130
133
135
129
132
131
132
131
130
138
128
131
134
131
128
135
129
132
132
134
131
125
131
130
130
135
132
132
135
134
130
132
138
130
126
132
127
127
133
130
127
133
130
127
124
127
131
124
127
129
123
128
126
128
118
125
122
124
124
128
123
124
125
118
123
131
128
137
132
135
128
134
138
126
133
139
132
136
138
132
130
136
138
132
136
140
134
133
136
133
131
139
140
136
135
136
131
136
137
136
135
135
133
133
136
138
136
133
142
138
132
132
136
133
142
138
136
131
137
135
135
137
137
136
136
141
138
134
138
141
136
136
141
131
135
137
136
131
138
136
136
139
138
132
141
138
132
136
137
131
133
138
133
138
138
141
137
145
