151
154
150
149
151
152
146
150
152
148
150
152
149
149
150
151
147
151
151
146
149
151
149
147
151
148
148
148
150
147
150
152
147
149
151
146
145
149
148
145
146
150
144
150
150
147
146
148
146
145
147
147
145
146
148
147
147
149
149
146
149
148
144
147
149
147
146
149
145
147
146
148
144
147
148
143
145
151
149
157
164
166
166
172
178
177
179
182
179
182
185
183
182
185
183
180
181
183
178
178
180
178
176
179
172
158
149
140
128
131
133
127
129
129
129
124
130
130
124
129
127
125
125
128
127
126
128
128
125
128
128
123
126
128
126
127
129
128
125
128
128
123
128
128
126
127
129
127
127
129
128
128
131
130
127
129
131
128
129
130
131
129
131
134
128
131
134
130
130
134
130
130
132
133
130
131
134
130
132
131
132
130
132
134
132
133
135
130
131
134
133
133
136
136
132
135
137
132
135
138
136
137
139
137
136
139
140
137
140
142
140
141
143
140
141
143
145
141
145
145
141
143
146
144
142
147
146
145
148
150
144
148
150
145
146
148
145
145
148
149
145
148
149
147
147
150
148
148
148
150
166
