133
131
133
133
129
132
135
132
133
136
135
134
137
136
134
136
138
133
137
137
136
136
137
137
136
137
139
136
135
139
138
134
139
136
133
140
138
136
139
138
137
138
140
138
138
136
140
136
139
139
138
138
138
139
137
140
139
136
138
139
138
137
143
137
136
141
137
137
144
141
140
142
138
139
139
139
139
134
145
136
136
140
138
137
142
137
138
140
138
137
142
137
139
141
137
139
142
135
141
140
138
138
140
138
138
140
139
137
140
138
140
136
141
140
138
139
141
137
144
140
139
142
140
141
146
142
140
143
140
141
143
148
153
158
166
167
169
176
173
173
177
174
172
178
175
174
178
174
172
173
174
164
156
147
141
137
136
133
132
132
132
130
132
132
128
132
132
129
135
131
129
131
133
127
132
130
129
131
134
128
132
129
129
134
133
127
132
131
129
131
134
130
134
132
129
131
134
128
132
130
128
135
131
131
135
134
131
131
131
133
130
134
130
128
131
133
128
133
130
131
132
132
130
130
134
132
131
135
135
133
137
135
132
132
131
131
135
135
136
130
135
136
130
135
139
131
136
131
134
133
119
