142
144
143
140
146
146
144
144
142
145
143
140
148
141
145
144
137
145
141
144
141
146
143
144
144
149
138
148
145
141
146
141
146
136
145
141
141
142
146
140
144
138
147
138
143
147
139
141
146
144
142
153
143
150
149
146
149
149
151
144
150
147
151
146
152
145
142
150
150
142
148
149
141
149
141
149
139
145
141
147
144
144
144
139
148
141
145
144
147
136
146
141
144
139
147
142
148
159
158
165
163
180
175
185
183
187
180
190
186
186
194
189
188
189
186
186
179
178
171
160
152
144
142
135
142
131
135
128
134
124
132
124
130
124
132
122
130
126
124
129
127
123
126
125
124
125
124
121
124
121
126
123
118
130
123
126
126
124
120
126
126
114
125
122
116
127
122
113
127
119
122
123
123
113
125
122
111
125
121
115
126
120
118
122
120
117
121
125
116
123
124
117
128
126
121
121
123
117
121
129
123
120
128
122
121
127
122
117
129
121
119
126
122
120
128
123
126
128
121
119
129
123
127
124
123
129
126
127
129
125
125
128
125
127
125
129
123
130
129
124
123
130
125
129
130
126
126
131
128
126
154
