138
142
135
139
142
138
137
138
140
140
141
137
143
139
139
139
134
137
137
134
138
136
137
136
137
138
133
136
136
136
136
136
137
134
138
138
133
133
137
131
136
137
132
135
136
133
135
136
133
136
137
132
135
137
135
136
136
132
135
135
134
136
134
133
135
134
136
137
132
136
135
132
134
135
132
137
133
133
135
133
135
134
133
133
134
133
134
133
133
134
135
133
138
137
137
143
147
146
155
156
159
163
165
166
168
165
172
173
170
173
173
172
178
175
174
178
174
175
176
169
165
152
144
140
131
128
127
128
123
124
123
121
122
119
121
122
121
122
121
122
120
121
119
121
124
121
121
123
120
121
123
118
122
119
119
121
124
119
123
124
118
121
124
120
122
120
120
121
122
120
122
122
119
123
124
118
121
124
123
126
126
126
127
130
130
127
132
132
132
135
137
139
141
142
143
146
152
151
154
159
155
160
164
166
168
172
175
173
180
182
181
187
192
192
195
201
201
202
205
210
211
215
218
218
223
225
223
228
230
230
233
235
235
237
236
240
241
245
244
245
246
247
245
247
248
247
248
249
246
248
122
