119
124
122
117
123
123
119
124
122
118
122
120
120
120
123
120
121
125
124
120
122
122
121
124
122
121
127
125
125
129
128
123
124
125
129
121
128
124
126
126
126
124
128
128
126
125
131
127
125
128
126
123
125
129
124
129
127
126
122
127
125
125
128
126
124
128
128
125
129
127
129
127
129
128
125
129
131
126
128
127
131
126
129
130
130
131
132
130
130
132
131
131
132
133
131
134
135
130
132
132
130
130
133
134
132
137
142
142
147
154
151
157
161
160
160
165
165
163
167
168
161
165
167
163
161
165
163
161
163
164
154
148
140
131
128
127
125
125
126
124
122
122
125
124
124
128
123
123
125
127
123
126
124
124
127
128
124
124
124
125
125
127
126
120
126
126
124
125
128
126
123
126
125
124
126
123
122
125
127
125
127
129
126
125
126
125
128
126
128
124
127
127
127
129
127
124
127
126
122
126
128
125
126
128
125
128
132
130
128
130
131
128
126
128
125
130
130
130
132
130
132
130
131
133
131
128
131
129
132
134
133
133
134
132
131
133
133
131
132
130
134
132
133
134
132
132
133
133
133
133
137
