150
145
145
147
148
145
146
147
144
147
147
143
144
147
142
144
146
143
145
146
141
144
146
142
143
146
144
148
152
146
148
150
147
146
148
146
147
150
146
147
146
147
147
146
146
146
147
144
147
144
143
147
143
146
143
142
143
142
142
144
145
142
143
144
140
144
145
140
146
144
140
144
144
140
142
143
139
141
142
138
140
140
137
141
141
139
140
137
139
138
138
136
136
138
138
145
149
151
159
165
167
169
171
170
173
173
174
176
177
177
178
179
177
174
176
175
171
168
158
150
144
138
129
132
133
128
130
128
124
124
126
123
126
126
125
122
125
124
120
122
120
123
120
122
120
119
123
123
118
120
122
115
121
121
119
119
122
122
118
121
124
117
121
120
119
119
122
120
119
121
120
117
119
122
119
119
123
120
120
120
122
119
122
122
118
118
123
122
118
121
122
121
121
123
119
120
123
120
117
121
124
119
122
121
121
123
123
122
120
121
122
118
125
123
122
122
123
119
125
125
125
127
128
123
124
125
123
126
126
126
125
129
126
127
128
123
128
128
122
130
129
125
133
131
131
135
132
130
131
133
131
