157
156
151
159
152
156
153
159
155
154
160
156
152
161
153
159
155
160
150
161
149
157
157
156
156
157
160
151
161
152
152
159
156
147
158
156
151
155
158
152
157
158
153
149
154
149
156
148
155
155
149
154
155
152
149
161
155
165
168
173
166
180
178
176
184
186
185
188
195
186
199
195
198
199
205
197
201
203
191
202
193
198
198
193
181
183
175
158
155
148
150
138
150
146
138
146
137
140
136
143
135
138
139
143
132
142
136
136
140
133
137
133
139
131
138
132
135
133
133
132
135
130
135
131
128
140
132
124
136
133
124
136
127
134
129
134
126
137
131
126
139
130
134
135
131
128
134
132
126
133
133
126
133
130
138
132
134
138
135
126
134
126
133
126
135
127
132
136
129
131
138
131
133
135
130
125
139
128
137
134
138
125
138
131
135
129
137
132
133
138
136
135
131
142
129
140
137
135
137
138
137
135
140
133
136
131
141
135
135
138
134
136
139
134
135
134
142
133
139
137
133
137
133
140
131
142
134
139
136
140
138
142
142
133
141
139
137
138
134
143
135
141
138
142
140
135
144
135
147
134
133
