152
152
150
149
152
150
148
153
151
148
150
154
146
152
152
149
148
151
146
148
149
151
146
149
151
143
150
150
148
149
151
150
146
149
151
145
147
149
145
145
148
147
145
147
150
145
147
149
145
146
149
145
145
145
148
143
145
151
144
148
146
147
144
146
147
142
146
148
141
148
147
145
142
148
145
144
144
146
143
146
146
140
144
144
145
138
143
147
140
144
145
139
142
146
143
141
143
144
140
141
146
141
141
143
140
139
140
141
139
141
145
138
140
143
140
139
140
142
137
141
140
137
140
142
139
140
141
141
134
140
142
138
139
145
139
142
145
145
139
144
144
141
141
145
141
143
146
147
150
154
160
159
168
172
171
170
174
174
176
177
178
177
180
181
179
178
182
181
180
182
181
178
178
180
176
177
178
174
169
170
165
159
152
143
135
134
134
130
130
132
129
127
131
126
126
131
131
124
129
129
128
126
131
129
127
129
131
126
128
128
127
125
129
127
125
128
129
124
127
127
126
127
129
126
124
125
128
121
127
127
122
124
129
122
126
125
127
122
127
129
125
128
127
128
126
129
130
127
126
131
143
