147
149
143
146
151
147
145
150
148
145
148
150
145
147
148
144
147
147
143
140
143
143
140
143
144
140
143
143
143
141
143
143
139
146
148
144
149
152
148
150
151
148
147
152
153
147
152
153
149
152
152
149
149
151
151
148
152
154
150
150
155
149
150
153
153
150
149
153
149
151
155
152
151
154
152
150
151
154
147
154
155
151
152
152
154
150
153
154
150
152
155
149
153
155
154
150
155
155
149
153
154
151
154
154
153
152
157
154
151
155
154
152
150
157
150
153
155
152
148
156
154
148
155
155
152
152
156
152
148
153
155
155
161
170
176
185
196
199
202
209
206
204
206
208
201
206
206
203
203
207
202
201
205
206
200
200
204
197
197
197
194
195
193
195
190
188
184
175
171
161
148
143
141
137
137
136
139
131
133
135
130
130
133
130
129
132
132
128
129
133
124
128
129
128
127
126
129
123
128
128
123
125
128
122
124
125
125
120
124
126
121
123
125
121
120
123
123
120
121
124
119
120
123
118
121
123
121
118
122
122
118
122
122
117
124
125
119
120
120
120
119
120
120
118
121
123
119
123
122
125
133
