146
145
144
147
143
143
146
142
142
147
146
144
149
145
142
145
146
144
144
149
143
145
143
146
141
146
147
140
146
144
145
142
147
143
140
148
146
139
143
148
140
145
144
141
141
142
144
140
144
146
139
143
148
141
142
143
144
139
145
144
140
142
145
143
142
149
141
144
143
148
139
148
145
141
145
148
140
145
144
147
138
146
145
143
148
147
142
145
149
143
143
146
147
143
142
151
142
146
150
144
144
149
145
148
153
156
156
156
159
154
153
157
154
153
166
173
173
183
184
187
185
185
184
185
188
186
187
188
188
185
185
188
183
187
189
188
183
184
184
180
186
182
178
174
168
153
143
139
141
134
140
134
133
132
135
131
132
137
132
130
136
132
131
128
132
128
128
133
127
129
128
128
127
126
131
124
129
124
128
125
130
124
128
125
132
123
126
129
124
128
128
128
122
130
127
127
127
132
124
128
127
130
127
130
129
125
133
130
129
125
133
124
126
128
126
128
128
131
129
127
132
126
129
130
132
124
134
130
128
132
132
130
128
134
129
131
129
127
126
130
131
125
135
131
129
128
132
132
126
133
153
