131
146
138
138
140
139
139
139
141
135
142
139
137
137
131
140
138
136
140
138
140
137
128
139
137
131
142
138
135
134
131
137
135
131
142
137
139
138
137
136
137
132
137
139
138
133
136
138
133
137
131
138
136
142
140
139
139
138
142
140
138
137
138
137
136
138
137
136
137
136
129
138
139
134
138
137
134
132
140
134
140
136
138
138
139
136
131
142
137
135
137
132
137
141
140
137
136
141
137
138
134
129
142
135
137
131
143
141
144
145
151
148
150
150
149
153
161
159
158
169
159
172
171
161
172
170
169
168
168
166
170
165
169
168
164
170
160
154
139
136
133
123
129
128
129
126
129
126
124
124
129
129
122
119
132
127
124
125
124
125
128
128
123
123
130
123
125
128
121
127
129
125
124
125
131
125
116
129
124
120
128
128
122
124
127
122
123
132
124
128
130
128
126
132
128
124
125
128
129
126
129
131
124
126
134
125
133
130
132
127
135
131
129
131
135
128
132
130
132
128
135
126
130
128
136
125
136
130
132
130
137
131
134
133
137
130
136
134
135
133
136
133
135
134
137
130
137
133
135
134
123
