142
149
142
141
143
142
143
144
146
143
141
151
140
146
142
144
141
143
146
140
147
146
142
144
145
145
140
145
145
140
144
146
144
142
148
142
142
146
146
144
146
148
141
144
147
144
145
148
142
144
144
145
145
143
147
144
142
148
145
141
148
146
143
146
148
142
145
150
146
148
148
147
144
147
148
146
145
148
145
145
150
148
146
146
150
147
146
149
147
144
153
154
152
156
160
159
162
163
162
166
172
169
175
175
179
180
186
185
185
186
184
182
182
181
183
178
180
180
174
179
178
172
174
179
172
162
154
145
132
128
127
127
128
127
129
123
126
127
125
127
130
121
130
129
126
130
126
129
130
129
127
128
129
136
127
130
131
129
130
131
134
131
131
132
129
128
133
132
127
134
133
130
133
133
127
132
132
133
130
132
132
127
133
132
129
133
133
133
135
132
131
130
133
136
128
133
134
132
137
141
141
143
146
145
137
139
140
136
141
142
140
140
143
136
138
141
142
137
141
140
137
139
140
143
140
145
140
140
142
139
138
140
141
134
140
142
141
139
140
145
137
141
146
135
142
142
140
141
146
144
183
