131
131
131
133
133
130
131
133
130
133
134
132
130
133
131
132
133
131
132
136
134
137
137
136
135
134
134
134
135
134
136
137
134
136
139
135
138
137
136
137
139
135
136
139
134
134
138
131
136
136
132
134
138
133
135
138
133
135
136
134
136
135
134
137
138
132
138
138
134
141
138
135
136
137
134
134
137
134
137
137
134
137
139
133
137
136
136
140
138
136
139
139
136
138
139
137
140
138
137
139
139
140
141
145
146
151
154
155
158
159
159
162
161
161
167
166
165
167
165
165
168
165
165
167
166
164
166
164
164
167
159
156
150
138
136
131
127
130
129
126
127
127
127
126
124
123
125
128
123
127
128
125
129
127
128
126
129
127
125
128
123
125
129
127
128
128
125
130
132
126
125
132
128
127
132
124
127
131
129
129
131
129
129
132
128
130
132
126
131
131
130
131
129
129
133
131
129
129
128
126
130
129
131
131
129
130
132
129
132
130
131
132
130
130
133
129
131
130
130
132
131
129
131
127
124
127
126
127
126
125
127
126
124
126
125
125
128
128
123
131
126
127
126
124
127
129
125
132
131
132
144
