145
142
140
147
144
141
142
144
137
146
145
144
144
148
147
144
145
147
141
147
148
144
145
147
145
148
150
149
146
148
146
143
149
149
141
142
142
143
137
138
135
137
136
135
138
138
136
141
135
135
139
137
139
136
134
139
138
140
137
135
141
136
139
138
139
137
138
137
138
142
140
133
137
140
138
135
141
137
133
143
140
139
139
137
139
141
139
138
141
140
141
138
139
143
138
145
141
136
140
145
141
140
140
145
141
140
141
144
147
152
150
142
151
150
145
146
148
147
158
166
162
169
174
179
171
181
185
183
192
192
186
186
190
188
184
188
188
180
189
184
182
180
187
181
180
178
179
176
180
182
170
168
159
143
135
132
124
125
129
133
124
124
127
125
127
128
127
122
128
132
126
123
131
125
126
130
128
128
130
129
123
129
133
123
132
131
125
130
131
129
127
132
135
129
126
131
131
131
127
131
128
133
130
127
131
132
126
132
131
131
126
130
132
128
129
134
127
131
132
127
130
130
129
127
131
133
125
132
132
125
126
130
127
125
122
128
129
130
131
126
129
129
123
125
132
132
124
129
132
129
150
