151
145
146
151
151
148
151
152
147
152
154
148
147
151
146
146
147
147
146
149
150
145
146
147
145
144
148
148
143
145
147
144
146
148
145
146
151
147
144
146
145
144
145
149
143
147
146
144
143
145
146
142
145
146
143
144
149
141
141
144
143
142
145
146
139
144
142
134
140
146
144
143
143
146
138
142
144
141
141
145
141
144
143
143
147
157
167
168
176
182
179
182
186
181
184
185
184
181
182
181
176
179
183
179
177
181
173
160
152
141
131
129
128
125
124
126
123
125
125
126
120
122
125
121
124
122
121
125
124
127
119
126
127
122
127
126
123
126
125
123
121
128
127
124
124
127
125
124
129
127
123
125
127
122
125
128
123
126
127
124
125
126
126
125
125
126
123
126
128
128
125
130
128
126
128
127
125
127
132
126
129
133
128
125
129
129
126
129
132
129
129
133
127
129
132
130
131
133
128
129
130
132
128
133
135
131
132
136
136
132
134
137
128
132
135
132
131
135
133
131
137
134
130
135
137
130
133
135
136
134
137
133
129
134
136
133
133
134
133
134
137
135
133
137
138
136
138
140
139
137
138
