161
163
164
158
161
162
160
161
166
162
161
165
165
161
167
172
166
168
172
168
168
169
168
166
170
173
169
170
172
167
164
170
168
169
170
171
165
168
171
164
167
171
166
165
166
165
161
165
169
162
166
165
163
161
167
162
160
162
162
159
163
163
159
160
160
159
159
161
159
157
157
159
157
159
162
157
158
157
161
158
157
160
152
158
160
155
157
159
155
156
157
157
156
155
158
153
154
157
150
152
156
154
153
155
154
149
151
154
151
152
156
152
151
158
160
158
158
160
153
154
156
154
157
163
165
163
175
174
170
174
175
169
171
172
168
169
172
177
171
176
180
173
179
179
176
178
179
177
172
176
176
170
173
175
170
171
173
170
168
174
169
166
168
164
152
152
151
145
138
138
133
126
127
127
121
125
124
120
119
122
120
116
124
120
118
120
119
117
118
121
116
117
120
119
115
119
122
115
118
121
116
116
118
115
117
120
120
115
120
120
115
116
116
118
115
117
116
111
117
116
111
112
116
113
112
114
113
113
114
113
109
112
115
114
112
118
118
112
117
117
114
115
119
114
119
118
117
115
121
116
141
