119
123
132
123
122
128
120
120
130
125
120
123
123
122
120
119
117
120
119
123
118
122
124
121
119
122
124
124
125
121
120
126
125
119
122
126
125
125
128
122
115
125
125
123
126
126
123
125
124
124
122
129
127
125
125
130
118
124
128
127
123
126
129
122
127
125
123
125
132
125
123
128
127
121
125
127
122
127
132
125
124
132
126
127
130
133
127
130
126
126
124
127
128
125
132
130
123
134
126
127
122
126
120
120
112
115
111
114
117
115
114
118
119
115
115
116
115
118
125
119
128
132
132
126
138
130
133
132
133
132
135
134
131
129
136
134
133
136
137
129
131
134
131
134
131
133
133
138
132
133
134
132
132
137
137
136
134
137
140
137
132
142
130
134
138
141
132
136
132
133
137
139
134
136
135
136
132
138
132
131
133
136
133
138
140
136
136
134
134
130
134
132
131
136
136
136
133
138
134
131
139
137
131
133
137
128
136
139
136
133
139
135
129
137
141
136
139
138
134
132
140
134
130
137
137
134
135
136
134
130
137
132
134
136
140
131
134
139
130
136
133
133
136
137
135
133
138
134
130
134
144
