126
132
129
129
130
130
130
129
130
127
122
128
124
127
126
130
125
128
129
130
124
129
129
129
130
128
130
124
128
125
119
124
130
123
126
125
120
126
131
127
126
128
128
125
125
125
126
130
131
124
130
124
127
123
127
127
123
125
126
126
124
122
125
125
126
127
122
129
125
125
128
129
127
124
128
129
125
128
132
125
125
128
130
128
134
128
125
125
130
127
128
127
128
127
130
127
126
126
130
122
132
128
129
124
130
124
129
129
132
125
124
129
129
127
132
125
127
130
126
131
128
132
124
130
124
125
121
129
129
122
127
121
123
119
130
122
118
122
126
124
127
126
128
128
131
132
130
133
135
127
130
135
129
134
130
129
132
128
127
132
130
134
132
129
130
133
132
130
131
127
133
131
128
133
131
130
128
130
131
128
131
127
128
126
136
130
132
126
129
133
129
124
126
131
127
127
129
133
131
132
132
131
126
133
127
127
126
132
127
129
134
125
130
130
129
127
129
130
128
132
131
127
130
126
133
126
129
130
126
126
130
125
127
130
131
127
130
133
127
131
130
127
126
131
128
124
130
130
125
130
130
