128
127
130
132
129
125
133
127
125
129
128
127
132
132
127
127
131
128
126
130
128
126
128
129
129
126
131
128
128
130
128
126
133
128
129
131
132
130
130
133
130
129
130
130
129
129
131
132
131
131
130
127
133
132
131
134
134
131
133
132
132
132
133
132
133
133
132
129
132
134
130
132
134
131
134
135
133
133
134
133
134
133
138
140
145
152
154
159
160
163
163
164
170
167
166
170
168
167
167
169
166
168
171
164
160
152
144
136
135
135
131
131
132
130
126
130
127
128
129
130
131
130
134
126
129
130
127
126
127
131
128
128
133
125
130
130
129
128
129
128
126
129
128
128
127
130
128
128
132
128
127
129
129
124
128
130
126
128
128
129
128
128
130
126
131
129
127
128
128
126
127
129
130
129
128
133
127
130
131
130
129
132
127
131
129
131
126
129
130
129
126
132
130
127
131
131
130
128
131
129
129
131
128
126
129
130
127
131
131
128
134
134
132
131
130
129
135
132
130
132
131
133
134
130
132
136
130
128
128
128
128
131
127
127
128
131
131
128
129
126
130
128
125
131
129
128
130
132
133
136
129
