127
127
129
126
126
128
130
126
127
130
128
129
130
128
126
127
132
129
131
130
127
131
127
129
130
128
130
131
127
133
132
130
132
130
130
131
129
131
131
130
132
132
129
133
135
130
134
130
129
132
129
131
134
130
133
135
132
135
136
133
136
136
134
136
134
133
136
130
135
139
134
138
137
132
135
136
135
139
135
135
139
136
138
138
137
139
137
137
140
139
138
141
140
140
142
140
143
141
142
142
143
141
142
143
141
142
145
148
154
157
160
166
168
167
170
167
170
170
164
170
168
164
169
166
166
169
165
164
162
149
145
142
134
136
137
132
136
136
129
133
130
132
133
130
133
132
128
132
133
130
131
132
128
131
132
129
133
130
132
131
131
132
132
130
130
132
129
132
133
130
131
132
130
133
131
132
131
130
132
132
127
129
131
126
133
130
130
132
131
131
131
127
130
130
128
129
132
127
130
129
130
131
130
129
131
132
129
131
129
128
129
124
133
131
128
130
131
129
130
129
131
131
130
129
131
129
130
133
128
130
134
127
132
131
130
133
129
133
134
131
131
135
131
134
134
130
133
132
129
134
130
