126
131
129
130
130
131
130
129
131
126
134
132
128
129
133
132
125
135
132
135
132
139
128
137
130
131
130
134
136
141
138
139
134
131
136
131
138
138
138
138
140
139
133
136
138
132
141
138
134
138
138
136
136
139
137
135
137
137
133
137
139
137
136
141
136
136
140
138
134
138
136
136
135
137
139
134
141
139
132
142
139
134
138
140
141
133
140
139
136
143
142
139
138
143
135
138
139
139
139
140
142
137
140
137
137
137
140
140
136
141
141
136
135
136
136
139
141
144
135
140
140
136
137
139
139
139
145
142
139
140
142
130
133
141
131
136
140
131
132
136
135
128
134
134
126
127
136
132
132
131
129
129
134
132
128
130
133
128
129
133
137
135
139
141
138
141
146
148
139
143
143
139
142
149
140
144
146
142
141
148
143
145
142
149
139
151
142
144
142
142
145
145
149
143
142
146
149
138
148
150
142
146
148
142
141
143
147
142
143
147
140
140
140
138
144
143
143
138
146
146
136
140
141
141
141
144
143
140
139
143
134
136
145
142
141
146
148
142
143
140
137
143
140
139
142
148
140
139
143
146
124
