125
126
126
127
124
122
123
125
125
125
125
128
129
122
130
126
116
125
128
123
128
127
121
122
123
126
125
128
133
123
129
127
127
126
131
126
126
128
126
129
123
130
125
128
126
130
125
128
128
126
128
130
127
134
127
133
127
130
127
124
133
130
123
134
130
127
127
129
127
124
129
130
127
129
131
125
132
129
129
129
135
129
130
131
132
130
130
132
133
126
132
134
122
138
129
124
131
128
131
127
133
129
129
129
131
124
133
129
128
132
132
131
128
135
130
131
130
136
131
131
134
130
125
129
127
125
124
124
120
122
123
118
119
129
124
120
130
129
124
131
135
134
130
137
133
129
135
135
129
135
132
128
133
135
128
132
133
132
126
129
136
130
130
132
128
126
133
133
128
131
135
125
127
134
128
131
128
135
123
139
130
130
135
136
132
129
132
132
130
132
132
126
132
132
131
129
133
132
130
131
134
129
132
135
131
127
134
128
133
130
131
131
131
130
134
126
138
125
130
131
133
131
130
132
126
130
132
129
128
133
132
129
132
130
124
132
130
128
134
132
133
132
135
129
132
134
133
132
131
133
134
