123
123
121
123
123
124
124
125
120
126
125
121
126
125
120
125
123
122
124
123
123
125
124
122
125
122
123
122
122
124
122
127
126
122
127
125
124
123
127
124
126
127
126
130
128
126
128
128
127
130
129
126
130
133
130
131
132
129
131
129
133
128
133
133
127
129
132
129
131
133
131
127
134
131
133
134
130
133
136
128
135
134
131
135
136
131
134
136
131
134
136
129
134
131
131
134
137
130
134
134
134
137
138
130
136
135
132
134
135
134
135
135
133
134
136
132
139
145
147
154
159
157
161
162
158
162
163
160
163
164
158
162
160
159
160
164
160
158
151
141
140
133
131
134
130
128
128
131
127
127
131
131
125
128
129
125
127
129
127
125
127
128
126
130
128
125
125
131
126
125
126
126
127
127
130
127
126
130
127
126
129
128
125
128
131
130
129
128
130
129
129
129
124
129
128
125
132
129
128
131
130
126
127
131
128
129
128
129
129
130
132
129
133
136
130
131
132
129
129
130
130
129
133
132
129
133
131
129
131
131
130
131
132
129
134
130
128
134
133
128
133
134
131
134
135
130
138
134
132
134
149
