122
127
121
123
123
123
125
122
125
119
122
128
116
122
126
122
123
125
122
129
120
128
119
122
128
118
123
127
123
122
126
127
120
121
125
121
127
123
125
123
128
127
123
128
127
125
128
129
125
124
127
122
124
125
128
124
124
127
123
124
125
123
123
125
127
122
130
125
127
125
125
130
121
129
130
124
131
129
125
126
132
123
127
129
129
129
129
127
121
125
128
130
124
136
127
130
127
130
123
132
131
123
127
119
122
110
121
120
117
118
121
117
119
118
116
112
116
123
121
131
130
131
133
138
131
133
137
135
133
141
139
133
139
135
134
131
142
134
135
135
135
130
135
139
137
136
138
139
131
138
137
131
136
138
136
133
135
127
131
131
134
130
135
134
128
131
130
131
129
135
136
130
138
134
130
135
135
135
136
137
138
132
127
133
130
136
138
130
135
135
131
130
130
133
128
133
134
131
133
131
129
128
131
131
133
134
136
129
128
134
128
129
133
134
123
137
133
130
126
136
127
129
136
129
133
131
133
129
125
133
128
129
132
130
127
131
124
130
126
136
129
133
130
128
132
133
130
128
132
125
128
