147
141
140
140
145
137
145
141
142
140
146
138
139
142
142
141
141
145
138
143
140
141
140
140
144
138
142
145
142
141
146
138
140
141
139
141
140
144
137
145
141
141
139
146
138
141
144
143
137
144
141
142
140
147
140
141
146
140
140
143
145
137
145
143
143
142
149
143
143
142
147
136
146
143
141
144
144
144
142
147
143
142
142
148
138
146
143
146
139
146
145
144
145
144
143
143
147
139
144
147
142
143
143
146
141
144
147
140
145
145
147
139
148
152
154
163
171
174
179
182
180
181
188
183
182
183
183
180
183
184
181
184
184
182
181
185
180
179
168
156
143
136
134
127
131
131
131
129
127
133
123
131
130
131
129
131
131
128
131
129
129
131
133
127
133
132
131
131
132
134
127
135
133
133
132
131
132
129
133
128
132
132
135
129
135
135
127
135
134
130
132
131
132
128
136
133
132
134
135
136
134
140
133
132
138
134
136
136
140
134
141
138
138
137
141
136
140
140
143
137
140
141
139
141
142
138
135
142
135
135
137
140
137
137
139
137
136
143
139
140
140
143
133
142
138
141
138
145
138
142
144
