127
119
125
125
126
126
121
127
129
121
128
133
124
125
124
127
129
133
132
129
130
133
127
127
128
129
126
130
129
121
127
129
125
126
124
126
125
131
134
127
135
128
131
129
131
132
128
125
135
124
128
133
130
132
135
131
129
132
136
128
130
133
130
131
133
130
130
131
137
131
132
135
133
134
138
133
133
136
137
130
134
135
137
139
136
135
132
138
134
137
140
143
137
140
135
134
133
144
142
139
137
144
136
137
138
139
137
141
138
133
142
139
136
135
138
135
135
140
145
133
140
137
134
136
139
131
137
141
137
134
137
134
133
136
136
136
139
135
131
137
133
136
134
136
137
133
141
141
139
138
145
140
138
140
143
138
136
143
145
135
145
137
140
144
148
133
142
145
142
142
141
136
136
141
140
139
137
143
140
135
144
133
137
139
143
136
137
144
136
139
139
138
136
142
138
135
136
141
142
142
143
139
135
136
139
134
134
144
139
139
141
140
139
144
136
136
133
142
134
137
139
134
139
144
139
139
141
147
134
139
138
136
137
144
143
134
139
139
134
136
139
135
139
145
144
140
141
140
136
142
133
