129
131
127
131
131
130
131
129
129
131
130
131
128
133
135
130
135
134
131
133
133
130
131
132
134
130
134
135
131
136
133
132
134
135
134
137
134
133
133
135
133
134
136
136
131
137
135
133
138
136
134
139
136
135
138
135
135
135
138
139
135
137
136
134
138
137
135
142
137
134
141
135
136
139
136
133
139
135
137
136
139
138
136
139
138
136
137
137
136
138
139
132
139
138
136
141
137
137
143
138
137
136
137
138
135
141
139
136
142
144
146
156
157
158
164
165
163
171
169
166
172
168
165
170
167
164
168
164
165
166
164
154
151
141
137
136
134
136
131
136
132
129
132
131
129
135
133
130
135
131
129
133
130
129
134
129
132
130
131
134
130
132
132
131
132
131
133
134
133
131
133
133
133
135
133
132
131
134
133
127
134
132
129
136
132
127
131
131
130
131
132
129
131
130
133
129
131
133
127
132
132
130
130
131
128
132
132
130
128
132
130
129
133
132
132
135
132
131
134
131
131
133
130
132
131
134
132
130
134
131
129
135
132
130
135
134
130
135
131
130
136
132
132
137
135
131
135
134
134
136
134
