125
129
127
125
130
125
127
128
125
129
130
127
129
131
127
130
129
125
127
128
125
128
132
125
129
133
124
129
134
126
136
141
139
147
153
151
158
159
152
160
158
154
157
158
154
155
156
154
151
142
136
133
127
126
126
124
125
125
125
125
126
125
125
126
127
125
129
126
125
129
126
130
127
126
127
128
127
128
132
125
128
131
125
130
133
127
131
130
126
130
129
126
130
135
127
132
132
125
133
132
124
131
135
126
134
129
129
130
135
125
132
131
130
133
131
128
135
134
127
136
129
133
134
132
133
134
135
132
138
138
133
138
135
137
133
134
133
132
134
135
133
137
135
136
138
137
132
137
135
133
135
137
134
135
138
137
134
136
140
135
137
138
136
135
138
137
137
139
137
136
140
139
134
136
141
139
136
141
139
137
139
141
136
139
140
138
139
138
141
138
140
141
139
142
143
140
140
141
139
137
140
138
138
139
142
137
143
141
140
141
143
142
137
140
141
139
141
142
139
140
141
139
137
141
141
139
142
141
141
139
143
139
139
141
140
140
141
143
141
140
144
142
141
143
141
142
142
143
140
141
0
