124
132
132
131
129
129
123
133
127
130
124
134
133
128
129
126
130
126
135
127
131
131
131
131
124
133
124
130
129
128
133
135
129
134
130
136
136
132
133
127
137
128
137
129
139
132
129
136
131
137
126
135
127
135
132
132
132
135
132
139
125
138
131
129
133
134
132
132
136
133
130
140
129
132
131
139
124
133
136
129
137
136
133
129
140
128
133
132
135
127
135
131
128
136
132
130
127
139
131
127
136
136
133
136
133
133
122
119
108
98
96
94
80
86
79
80
81
75
80
79
80
85
81
80
85
83
82
88
84
88
86
93
102
116
121
137
146
151
138
150
148
149
141
149
150
148
158
144
153
153
150
144
154
148
155
148
152
155
147
155
146
148
157
152
154
153
154
157
147
160
151
152
161
154
154
152
160
155
152
160
155
155
156
154
155
155
159
154
156
156
153
154
151
160
145
157
149
151
149
153
146
146
157
151
149
147
154
147
147
151
143
151
150
149
151
149
155
145
153
152
148
151
152
154
150
154
154
146
150
155
145
152
150
153
142
156
148
143
149
144
149
144
150
143
147
145
151
140
152
138
141
