130
132
124
133
134
127
130
133
131
128
132
129
128
131
134
126
133
135
129
129
132
134
127
134
134
128
133
136
130
129
136
133
129
133
136
129
133
137
132
132
138
135
130
137
137
130
135
139
130
132
135
133
128
136
137
130
137
139
131
135
138
135
132
139
137
130
137
138
132
135
138
134
133
138
136
131
139
139
131
136
140
134
134
140
137
133
138
140
131
140
138
134
130
138
132
136
137
131
139
127
123
131
123
121
121
124
115
121
120
121
120
117
127
124
122
128
132
124
130
134
128
128
137
130
130
138
136
128
135
138
133
132
139
138
133
138
138
131
137
141
135
135
141
140
132
140
137
131
139
142
135
137
142
135
136
142
140
133
140
143
136
138
140
138
137
139
141
136
143
143
138
139
142
137
139
144
140
134
144
143
140
141
147
137
139
146
141
139
145
146
137
144
145
141
142
147
142
141
144
146
139
142
146
137
140
143
140
141
145
142
137
142
144
133
142
142
135
138
142
137
134
141
139
130
141
142
135
134
141
136
131
141
138
131
141
143
132
133
133
129
127
132
132
128
133
133
126
131
132
129
135
