122
123
126
122
124
128
122
122
130
123
127
125
128
119
123
129
122
124
128
126
122
125
127
123
122
131
119
126
128
128
121
127
126
121
126
133
124
127
135
125
128
127
131
122
127
131
124
125
133
121
124
132
127
124
133
133
120
128
128
123
123
133
121
128
126
127
128
127
132
128
127
134
121
133
130
130
127
130
130
123
129
136
124
129
133
127
127
136
125
129
125
116
110
101
96
86
86
83
70
74
71
72
71
73
74
71
75
72
79
73
75
81
79
91
97
113
128
141
143
145
144
150
151
152
154
144
146
156
152
151
151
149
153
157
153
149
151
150
148
152
153
147
147
153
149
146
142
143
148
149
149
143
147
146
146
149
148
151
150
146
148
145
148
145
144
147
151
154
147
149
146
144
143
148
147
147
150
148
146
150
146
138
146
152
143
143
150
142
144
145
148
142
144
148
145
148
147
144
143
151
141
142
147
150
143
146
151
140
144
144
143
144
141
145
139
138
147
139
137
146
142
139
141
139
137
141
140
137
141
144
139
139
136
139
137
138
134
135
134
142
135
129
131
136
130
137
139
129
134
135
152
