129
135
138
133
131
139
133
131
137
136
131
134
138
133
131
138
137
132
139
139
130
136
140
133
137
139
134
137
139
142
132
139
138
134
136
138
138
130
137
140
133
138
140
132
134
138
135
131
139
137
134
140
139
134
141
140
138
136
137
135
132
140
141
135
138
143
138
134
144
135
135
136
142
132
140
142
135
137
140
139
135
140
142
135
137
143
134
136
142
140
135
145
139
136
143
141
136
141
142
140
138
140
144
141
141
143
135
134
133
127
129
128
122
125
126
120
129
125
120
127
126
119
125
127
122
126
120
127
133
122
131
130
130
131
136
130
135
137
136
134
137
145
138
136
144
137
133
145
141
139
144
141
136
145
142
140
144
140
145
140
144
148
135
144
144
139
139
146
148
138
148
148
134
147
145
144
140
147
148
141
143
149
144
149
151
142
146
150
144
145
142
149
144
151
148
143
145
150
146
143
148
147
141
144
149
141
145
150
143
141
147
149
139
146
150
146
143
152
144
142
144
147
138
147
148
146
143
147
137
137
139
142
139
144
142
138
137
146
142
135
143
140
138
141
144
138
140
144
139
137
107
