141
135
148
138
135
142
142
134
138
142
138
140
143
141
132
144
148
132
138
136
136
136
138
131
137
136
136
143
132
142
127
136
137
136
137
146
140
141
131
137
133
133
144
138
134
142
135
132
145
132
131
135
137
139
135
138
134
140
140
133
137
136
138
138
132
140
134
130
137
138
131
138
143
129
136
140
133
131
137
134
130
140
129
133
129
137
131
128
138
126
129
137
130
132
130
135
122
130
133
125
118
118
104
99
93
91
89
83
78
82
85
76
77
88
80
77
87
83
91
98
102
129
137
137
141
143
144
141
144
144
143
146
144
145
140
146
139
145
148
142
141
140
142
140
146
140
142
148
143
146
141
149
138
146
145
145
143
143
147
137
146
149
140
138
144
145
146
154
156
152
150
155
147
150
151
153
148
156
144
146
144
148
143
150
146
143
152
145
148
136
144
141
141
136
143
137
142
138
143
139
147
145
138
144
141
133
141
144
134
134
145
139
130
140
147
131
140
139
135
127
136
129
133
131
137
129
135
134
132
128
134
130
124
120
123
113
117
123
117
119
121
112
121
121
111
114
113
116
113
115
140
