130
127
125
127
125
133
124
130
126
129
125
127
126
130
132
132
130
128
125
131
121
130
129
121
138
131
126
135
128
118
126
128
128
127
130
133
124
131
125
127
128
131
132
124
125
134
120
131
130
122
134
130
129
130
123
128
116
129
134
124
131
131
129
123
122
130
121
131
132
127
129
127
126
127
125
128
121
131
124
128
128
126
130
126
130
127
122
131
121
106
106
99
89
93
87
79
82
76
79
79
73
72
78
71
72
75
67
73
79
75
77
78
74
89
102
103
129
137
133
145
135
140
138
148
139
141
141
145
135
142
142
145
140
146
147
139
146
146
141
149
141
150
139
147
143
150
143
142
142
143
152
139
147
145
147
141
154
146
148
153
144
143
142
153
139
140
151
143
143
152
141
140
153
151
141
143
149
143
140
150
139
140
142
148
140
141
150
139
146
142
145
135
139
140
145
140
148
145
141
149
142
145
146
144
146
150
144
145
139
150
141
144
149
146
144
137
148
137
141
141
144
136
149
138
139
138
144
139
138
145
139
140
136
143
138
138
135
140
136
145
133
140
134
134
132
139
136
133
134
140
154
