134
140
147
139
137
146
143
137
144
145
136
141
146
139
138
143
141
135
145
143
137
142
146
137
139
148
145
139
142
145
132
142
144
138
142
144
140
137
144
144
139
145
144
137
143
142
138
141
145
139
138
142
145
138
143
145
140
143
144
139
135
143
146
138
144
144
139
139
145
142
138
146
141
136
143
143
137
144
143
136
143
148
143
135
144
143
134
143
147
139
141
147
140
140
147
142
139
143
143
138
141
138
134
131
135
126
127
131
122
127
127
115
128
126
119
127
126
117
127
124
127
133
131
128
135
131
128
135
135
128
135
137
133
133
138
138
131
138
141
131
136
139
135
136
140
135
135
139
140
136
140
137
132
138
142
134
136
140
138
134
140
142
132
138
142
135
135
140
136
134
140
138
131
137
140
131
136
136
136
133
140
137
130
138
139
134
136
140
132
133
145
137
133
138
142
130
142
141
134
137
143
139
136
139
137
132
142
140
135
140
145
137
137
142
137
135
141
142
132
143
143
142
137
143
137
139
145
143
138
143
145
134
141
146
141
138
145
141
137
142
141
134
142
147
141
139
145
146
140
145
140
