130
135
126
134
135
126
131
136
126
131
134
131
127
135
134
128
134
128
133
128
136
129
127
133
135
124
128
139
128
134
139
128
134
128
129
123
131
138
133
133
144
133
129
135
132
131
135
132
133
133
142
139
130
135
125
129
129
134
129
129
141
131
129
138
128
133
128
135
127
133
136
131
128
133
133
126
136
136
128
122
136
125
124
126
136
128
136
128
121
110
98
88
86
89
79
85
90
87
83
85
80
83
83
86
86
76
92
95
101
113
127
133
144
135
137
142
144
142
140
146
154
145
147
147
142
144
142
148
137
144
141
145
140
146
146
148
147
140
146
144
151
136
146
148
137
148
144
143
146
144
146
145
141
150
139
147
147
149
142
151
157
145
147
153
139
149
146
150
146
143
150
143
147
152
138
147
143
145
139
154
141
139
145
145
140
146
148
135
143
142
143
137
147
139
144
141
146
137
140
142
141
137
141
146
139
143
142
135
143
143
134
138
140
138
136
136
143
129
138
141
137
136
145
134
131
139
131
133
143
133
140
129
138
129
127
137
132
133
136
130
131
119
125
123
117
122
125
117
124
120
144
