127
125
130
129
127
128
128
127
125
124
125
126
126
129
127
126
129
125
126
124
124
124
133
126
124
126
126
125
132
131
127
125
127
127
131
130
126
125
128
128
128
125
125
129
129
128
129
127
130
128
132
135
131
129
128
131
127
126
129
129
131
131
129
130
128
132
138
130
131
134
130
133
135
132
129
128
132
125
135
133
129
127
135
127
130
130
134
123
133
136
130
130
138
137
138
133
134
128
130
132
131
134
135
129
128
121
107
99
92
90
81
79
80
81
76
77
78
78
77
78
78
81
79
82
79
79
82
79
83
92
102
114
123
140
148
151
147
151
150
150
149
150
152
149
149
157
148
160
163
158
153
155
150
154
153
156
152
157
163
160
160
158
159
155
158
157
152
155
161
156
156
156
155
159
159
159
151
158
155
152
156
162
159
153
154
158
157
154
155
152
157
160
157
152
157
155
151
156
154
154
145
151
151
146
156
147
148
148
152
147
148
148
151
147
153
146
146
140
147
146
144
147
144
141
147
145
143
147
149
142
147
148
143
144
149
144
145
147
146
145
143
146
140
143
147
143
142
145
142
138
135
