127
128
130
126
130
126
125
130
123
127
131
124
127
129
135
122
129
129
125
123
131
128
127
129
127
125
127
127
128
120
133
129
126
129
130
132
124
129
131
126
133
128
134
126
135
123
128
135
130
125
132
134
129
132
130
130
132
135
130
129
135
127
127
135
128
131
133
131
129
132
134
130
134
133
138
125
133
132
129
128
130
128
131
136
132
132
134
129
131
127
130
129
125
134
136
129
132
141
131
136
130
124
130
129
130
129
130
138
128
136
135
128
136
136
129
126
120
106
102
98
97
85
80
80
75
74
74
70
74
74
77
75
75
74
77
74
74
75
74
76
79
79
84
80
76
86
96
105
120
135
146
150
156
155
160
157
152
153
155
159
155
156
159
155
159
157
157
163
164
162
164
162
161
163
156
152
155
154
160
160
159
155
157
153
156
163
161
162
152
154
153
161
163
160
166
161
157
152
160
157
152
157
162
160
161
158
152
157
158
152
159
155
154
150
156
151
151
153
157
153
156
155
158
155
155
154
146
158
153
155
153
154
153
152
153
156
155
149
157
152
154
150
152
145
148
150
150
148
153
145
125
