122
116
123
122
123
115
119
122
122
123
125
121
117
125
122
121
124
124
119
124
127
123
124
127
119
128
125
122
124
126
126
117
120
132
121
124
123
123
128
124
125
128
125
129
123
124
129
121
128
121
126
127
125
124
127
119
126
126
128
124
127
124
127
125
121
124
125
128
124
130
121
123
127
126
125
122
129
131
126
129
131
124
123
125
124
125
132
125
123
124
125
119
123
126
129
125
125
125
129
125
129
125
131
128
125
129
127
126
126
126
132
123
126
130
126
130
124
126
127
129
134
126
123
121
105
95
93
84
79
78
75
77
75
72
71
71
74
76
78
74
74
75
74
74
78
74
80
82
88
101
111
125
133
149
155
158
155
161
163
166
160
162
161
159
154
161
161
162
163
166
160
160
154
150
153
158
152
150
157
153
152
156
149
151
152
152
151
150
148
154
149
154
156
151
155
150
152
150
155
150
153
152
152
144
152
147
150
149
150
151
145
147
150
144
152
152
146
147
150
147
146
149
147
145
150
143
148
150
142
145
147
154
156
149
155
152
149
147
151
148
149
152
154
150
145
154
143
148
148
147
156
