135
127
134
136
128
130
135
132
131
135
138
128
136
139
128
132
137
131
133
136
136
130
136
139
132
131
137
131
133
134
137
131
136
137
133
131
138
134
129
138
140
129
137
134
130
136
139
134
131
138
134
133
135
136
133
132
137
136
131
139
135
133
137
140
130
135
138
137
133
138
141
132
142
140
135
137
137
133
135
142
138
135
141
141
134
142
138
138
131
141
138
137
139
141
136
141
139
136
138
141
135
134
142
141
134
138
142
134
138
142
136
137
140
138
137
141
140
138
140
144
138
136
142
137
127
132
136
128
133
133
126
129
123
119
125
120
121
124
118
123
125
116
123
124
116
124
123
119
124
123
118
129
129
124
130
132
130
130
136
131
127
139
132
132
137
138
129
134
138
134
134
141
139
135
140
139
135
140
140
138
137
143
145
136
141
142
143
139
145
137
139
143
141
134
145
141
139
136
149
133
142
144
145
137
146
146
138
139
144
136
140
145
144
137
145
143
142
148
145
141
140
149
143
142
145
146
139
141
150
138
139
141
145
135
143
142
140
146
146
140
140
144
141
141
143
146
138
144
148
139
143
