123
130
127
121
125
129
124
128
125
121
127
128
126
126
130
123
126
125
129
124
128
126
124
128
125
128
131
129
128
128
125
130
127
121
132
129
126
133
130
119
132
128
128
122
127
126
131
128
129
124
132
125
125
129
126
131
127
127
128
132
129
130
131
130
126
130
128
133
129
129
129
128
133
127
130
131
127
129
132
132
131
132
125
135
131
126
131
125
127
129
131
131
127
127
120
112
97
101
89
81
77
77
76
74
73
71
73
74
74
75
74
76
78
73
74
75
72
84
90
101
118
132
137
150
146
147
152
154
155
151
149
151
151
155
148
151
153
158
149
152
147
148
147
147
151
150
149
145
152
148
147
147
150
148
150
146
152
149
151
145
145
151
147
151
151
149
150
152
152
148
152
143
148
150
148
141
150
145
142
153
144
146
152
148
145
148
153
142
149
149
149
145
141
147
147
150
146
145
142
149
144
148
145
146
149
142
151
144
143
141
142
147
143
144
141
141
142
145
140
147
150
141
138
141
141
137
141
147
140
144
142
138
140
143
143
140
138
143
140
134
140
141
144
145
135
134
143
146
137
139
160
