123
127
120
123
120
119
121
124
115
125
121
120
123
128
120
118
121
124
123
122
126
121
119
122
124
120
125
126
127
126
128
118
125
128
120
122
133
124
120
124
120
125
125
130
126
125
125
130
124
125
129
128
129
130
122
122
128
128
127
128
131
126
129
127
128
126
128
130
126
128
128
129
130
128
124
132
131
130
127
133
130
127
130
133
128
136
133
128
126
132
132
127
117
110
97
104
88
84
80
77
72
74
75
74
76
77
75
78
78
74
77
79
77
89
95
113
126
136
146
151
151
153
155
151
155
149
155
150
160
160
160
166
164
152
149
146
153
151
147
151
149
149
148
152
149
146
148
146
150
153
150
152
148
154
143
148
152
142
157
150
148
146
157
152
143
147
152
147
151
144
149
147
145
149
147
146
146
143
147
147
144
143
149
147
147
147
148
144
148
148
142
147
141
141
141
149
145
145
146
142
142
142
146
146
147
144
141
141
146
139
140
139
141
138
141
138
138
139
142
139
138
136
135
134
139
137
143
140
139
138
136
137
140
138
139
141
140
133
141
130
131
144
138
132
145
140
133
133
143
140
130
