125
121
122
126
124
119
125
125
122
126
123
125
119
124
122
125
126
124
126
126
120
123
125
122
129
122
126
123
125
124
125
126
126
129
126
123
127
124
123
130
120
128
123
125
124
118
124
121
126
127
128
126
126
125
127
128
130
127
124
123
125
121
127
127
122
126
123
126
118
111
106
87
85
82
72
70
74
68
69
67
68
67
68
68
73
74
72
76
71
75
73
72
77
79
80
96
108
118
132
142
150
140
149
143
153
151
146
146
152
149
154
145
151
152
147
150
155
151
150
152
151
157
149
147
152
157
147
146
155
148
152
153
154
148
155
151
152
145
150
151
148
152
152
147
152
155
145
153
152
155
146
152
146
154
157
154
146
153
158
157
161
162
160
158
154
158
152
158
155
153
150
154
152
151
151
156
154
153
153
154
149
151
149
153
144
146
145
141
148
143
150
143
143
142
149
144
145
143
147
140
144
139
138
143
156
143
156
148
152
144
149
148
142
148
148
146
142
148
143
145
142
148
138
142
142
140
136
142
139
133
131
141
132
137
136
133
126
124
120
118
118
117
116
117
125
120
118
118
118
116
140
