131
128
126
133
127
124
126
134
126
130
133
125
127
132
129
123
131
131
127
133
133
127
130
134
130
128
135
129
125
135
133
125
132
135
129
128
132
129
126
131
133
127
132
135
129
128
135
132
127
137
135
127
137
137
128
130
134
133
130
138
134
129
133
139
132
136
140
134
135
139
138
138
148
145
145
147
143
136
141
129
131
132
124
128
127
121
127
128
123
129
125
124
132
128
125
129
122
124
127
127
120
129
128
123
128
129
125
129
131
127
123
131
126
123
131
132
125
127
131
129
127
131
129
124
133
138
133
134
138
132
130
139
135
134
134
137
130
139
139
135
135
138
137
134
140
138
131
139
142
135
136
141
135
137
139
133
127
134
136
128
134
134
127
127
136
133
129
139
139
130
132
139
133
134
135
133
133
138
137
131
139
137
134
134
139
136
136
136
135
132
139
141
135
137
138
132
139
140
138
134
139
141
133
139
141
140
137
144
139
138
143
137
134
139
143
137
140
144
138
135
140
144
135
143
143
138
139
142
140
137
142
143
138
143
144
133
142
144
140
140
142
141
136
145
142
135
142
142
137
137
145
