128
129
130
124
129
132
131
129
134
127
130
129
134
123
134
129
131
130
132
130
127
133
134
130
134
137
130
129
132
129
128
132
135
127
134
135
132
130
132
131
131
132
140
130
134
133
130
134
134
128
132
135
134
134
131
135
132
128
131
131
132
134
134
130
133
131
131
131
130
135
129
137
127
130
133
134
129
134
133
131
134
132
130
132
131
132
134
134
134
133
132
137
132
133
135
134
125
120
114
97
104
91
86
82
80
77
81
78
78
82
80
81
82
83
83
81
82
79
80
86
96
106
116
127
138
144
148
145
150
152
153
150
152
151
148
146
151
151
153
158
158
152
150
155
155
148
154
154
150
149
153
151
153
157
151
148
157
157
156
154
149
145
144
148
146
146
147
145
141
145
147
144
148
144
142
141
143
144
142
140
142
143
141
143
140
139
137
141
141
143
147
141
140
143
143
140
142
137
140
139
142
134
137
142
133
139
144
143
136
142
134
134
145
139
140
140
141
136
136
136
143
139
147
144
142
140
139
137
141
142
141
137
138
143
140
141
138
134
137
135
142
134
137
139
136
136
138
131
133
139
157
