134
134
128
133
134
131
131
137
134
131
135
138
131
134
138
130
133
138
134
133
136
138
132
136
139
132
134
138
134
133
139
136
132
138
139
131
137
140
133
136
139
136
133
139
139
131
140
140
134
137
141
136
135
139
137
131
141
140
133
138
142
133
138
140
138
134
141
142
134
142
138
137
138
141
137
135
140
140
133
135
136
126
129
133
122
127
123
117
123
121
115
123
121
116
122
116
117
121
115
119
122
114
123
128
122
120
128
127
122
129
131
121
130
132
131
129
132
130
126
134
135
129
136
139
133
136
141
139
133
142
139
133
138
142
135
139
142
136
137
141
141
136
142
143
137
142
140
137
137
145
140
136
144
145
137
141
143
139
142
145
143
138
143
144
137
143
145
137
141
146
140
139
149
143
137
148
146
140
144
149
141
142
146
145
143
147
150
144
147
148
143
144
148
144
141
148
148
142
147
151
145
146
148
144
144
149
145
143
148
152
143
149
151
143
143
149
146
143
147
150
142
149
148
147
145
150
146
144
150
147
142
150
153
144
147
149
144
144
149
146
140
147
150
147
149
155
152
151
156
155
135
