133
134
128
132
127
130
123
132
132
126
137
129
123
127
130
126
131
132
128
126
133
129
127
129
134
128
137
130
133
131
128
135
124
135
127
136
128
133
128
128
134
130
130
129
131
131
131
133
131
131
132
129
129
129
131
127
132
131
128
134
129
133
130
132
135
125
130
132
138
129
134
124
132
131
128
134
130
135
118
117
109
100
92
88
85
82
77
79
74
77
78
78
82
80
75
82
81
81
84
93
104
114
122
137
147
146
153
149
147
148
146
148
151
152
155
147
159
147
149
149
147
144
145
146
148
140
146
143
137
148
148
142
152
148
146
145
141
151
140
147
144
140
141
142
144
149
145
142
141
146
147
143
145
145
143
145
144
143
141
151
145
142
150
145
148
149
152
149
147
147
145
138
146
149
144
143
147
151
145
151
146
148
148
146
143
143
144
146
141
144
146
147
145
142
142
148
150
148
147
145
140
142
141
138
139
142
149
133
139
137
135
139
140
145
135
136
135
136
133
141
140
137
136
138
134
136
135
133
139
138
137
136
138
140
152
151
152
153
152
156
152
153
157
154
163
180
184
189
196
197
132
