138
136
140
138
132
139
140
132
143
140
138
135
140
138
134
139
143
134
139
141
139
136
140
139
134
142
139
133
137
141
136
136
140
137
134
137
140
130
138
138
135
135
140
137
135
139
141
133
142
139
134
135
140
134
134
143
137
137
141
144
135
142
140
141
137
141
141
139
142
139
136
134
143
135
138
140
141
134
142
140
140
137
142
139
134
142
139
130
134
132
129
129
134
125
128
133
130
126
130
134
124
133
132
127
130
132
134
126
138
138
129
138
136
132
134
138
131
133
138
139
130
139
136
130
134
138
133
130
135
135
128
138
138
138
135
142
136
141
142
140
139
142
142
138
139
145
135
139
145
141
142
143
144
134
146
140
137
139
141
140
139
144
145
137
144
140
142
139
143
142
133
144
139
136
147
145
135
142
145
144
138
149
143
139
147
142
141
143
142
139
138
144
143
139
145
142
139
139
143
136
141
143
141
138
140
145
134
139
146
134
142
140
140
132
141
144
136
142
141
135
139
143
142
132
141
141
136
139
142
137
139
144
138
135
142
142
139
141
141
137
140
141
136
131
143
139
137
138
140
137
0
