132
130
138
134
130
137
137
129
130
137
132
128
135
132
131
128
127
128
127
131
131
130
135
135
128
130
131
130
133
132
140
135
136
137
135
130
134
140
137
133
133
133
133
130
133
135
135
139
140
134
138
132
134
142
136
137
141
137
138
139
141
127
138
132
142
143
139
134
139
140
129
135
134
136
135
136
132
137
139
131
131
140
145
152
163
175
180
184
192
196
190
197
202
195
190
192
197
198
193
190
187
187
183
171
159
146
153
143
144
144
141
139
146
147
141
143
137
146
144
139
137
127
129
128
125
130
126
128
126
123
122
131
124
121
124
125
126
124
130
125
120
122
121
121
121
125
119
122
127
123
115
122
124
114
119
118
119
113
122
119
111
124
122
125
121
118
115
115
123
117
111
123
117
116
123
117
115
127
125
127
129
131
132
120
129
131
124
130
125
128
126
125
123
120
126
125
120
124
122
118
122
117
130
124
120
124
118
121
121
122
115
122
121
120
121
126
117
117
120
120
114
123
125
115
117
122
121
117
120
119
116
128
122
114
123
116
117
120
118
120
118
120
119
117
120
127
117
118
121
119
0
