107
95
118
95
106
114
87
115
97
103
123
89
122
110
105
119
100
107
119
94
96
108
107
122
100
98
110
84
119
115
100
120
110
113
128
97
115
112
109
115
110
101
129
105
111
124
96
121
101
118
122
102
124
125
96
120
105
116
126
106
118
129
102
131
116
110
125
105
118
132
102
128
137
113
131
114
123
136
103
131
126
109
124
107
117
136
117
132
122
113
136
125
129
125
108
124
136
116
133
106
129
124
104
135
126
109
135
117
120
134
115
138
114
120
139
106
124
119
123
139
115
118
134
122
137
121
129
129
103
124
130
118
137
116
135
137
107
134
124
132
142
108
127
145
117
146
118
126
140
124
148
147
109
143
131
113
146
124
121
136
