152
112
126
167
141
114
185
148
106
160
150
101
138
158
127
123
178
148
113
180
151
106
153
153
107
135
167
145
121
189
152
113
171
153
106
148
159
129
132
177
151
120
195
155
112
168
157
108
149
167
146
134
188
159
122
200
159
113
167
162
129
144
175
153
127
194
158
116
176
157
108
150
163
134
133
180
153
121
193
156
111
163
157
109
141
167
144
127
189
155
116
181
155
109
154
159
126
136
175
151
122
196
155
113
171
155
106
148
164
140
132
183
154
119
194
156
111
164
158
116
142
169
148
126
190
157
116
183
156
108
155
160
133
135
176
153
122
198
155
112
175
156
105
146
164
142
130
184
154
117
188
153
108
159
157
121
138
170
148
123
191
154
113
179
153
105
151
159
135
133
177
152
118
197
153
109
168
154
107
143
164
142
127
185
153
115
188
152
105
158
156
126
137
169
148
121
192
153
111
177
152
103
150
159
137
131
177
152
118
196
151
107
165
152
113
142
163
145
125
186
152
114
185
150
105
156
155
129
135
170
149
120
192
151
109
171
150
103
146
158
140
129
177
150
115
191
149
106
160
150
0
