150
112
171
150
104
151
155
121
135
173
149
120
193
154
110
165
154
103
146
163
137
130
185
155
118
189
157
108
162
160
115
143
175
149
127
195
160
116
183
160
107
158
167
134
140
186
158
125
204
164
115
181
165
114
155
178
151
136
196
163
122
199
164
111
169
168
126
146
184
156
129
201
164
116
185
164
107
160
173
141
140
192
162
125
207
164
113
177
167
119
153
181
153
135
199
166
121
199
166
111
170
171
134
148
188
161
130
204
166
118
189
167
111
162
176
149
142
196
166
126
210
166
115
180
169
127
154
184
159
135
201
167
121
199
166
111
170
172
142
148
190
164
130
205
166
117
188
166
119
161
177
154
140
195
166
125
209
165
114
177
168
136
154
184
161
134
200
165
121
198
164
111
168
170
147
146
190
164
129
205
164
116
185
163
127
160
176
158
139
195
165
124
206
162
113
175
165
142
152
182
163
133
200
163
120
194
161
117
166
168
153
145
187
163
127
204
161
115
183
161
132
157
174
158
136
193
162
122
201
158
111
171
162
144
148
179
162
130
198
160
117
188
156
121
161
166
155
141
185
161
0
