165
167
163
161
165
162
159
165
164
159
162
161
157
159
162
158
157
161
157
159
159
160
153
157
159
156
155
156
157
153
155
156
152
153
155
152
153
156
153
151
154
154
151
152
154
149
149
151
150
147
151
152
146
148
147
145
147
149
145
144
149
145
143
146
147
143
142
144
142
140
143
144
140
143
143
139
142
140
137
138
140
143
150
169
181
186
192
190
182
172
168
159
152
152
149
143
144
145
143
140
142
138
139
142
140
137
140
138
134
139
137
138
135
138
137
135
137
138
132
135
138
136
132
135
136
133
136
136
129
131
138
131
134
137
135
132
133
135
132
133
133
130
132
133
134
131
134
135
129
131
135
131
132
135
134
133
134
135
133
133
135
132
130
133
134
130
134
134
132
130
134
130
133
135
132
130
135
136
131
136
136
131
135
137
134
133
136
134
134
135
137
133
133
137
134
134
140
136
133
136
137
134
137
140
135
139
141
140
138
140
140
135
140
141
138
139
142
138
139
141
141
137
140
142
138
140
141
139
139
141
140
140
141
141
138
141
142
139
141
143
141
137
142
139
140
142
144
139
141
142
133
