133
131
140
132
133
140
130
135
134
133
135
136
134
133
136
134
136
133
138
132
135
130
133
131
131
133
136
136
131
133
131
131
136
137
129
135
133
130
131
132
137
129
133
129
131
130
128
133
133
128
133
130
131
128
136
131
132
129
133
132
127
128
135
126
131
130
123
133
129
127
129
125
128
126
126
128
138
139
150
156
168
167
170
161
157
152
148
144
142
134
132
135
131
140
128
134
128
133
126
128
129
130
128
130
126
130
127
125
125
128
123
125
123
127
125
122
124
125
121
125
129
120
118
123
123
128
120
122
126
120
123
125
121
123
126
124
120
126
120
119
121
118
122
121
120
120
124
120
126
122
121
118
124
119
120
120
117
119
125
120
121
120
120
119
120
118
120
119
119
123
121
120
116
124
119
119
121
120
125
121
124
119
125
124
119
122
127
121
123
120
124
124
126
127
119
121
122
121
123
125
123
123
123
122
127
123
121
121
122
124
124
126
126
123
122
126
120
125
123
123
118
122
128
123
121
122
123
123
123
119
121
123
123
122
123
125
123
121
121
123
123
124
126
123
121
123
124
123
124
123
0
