115
124
114
118
115
113
113
118
114
115
121
113
114
116
116
114
116
112
118
115
121
114
116
117
116
117
112
118
119
113
121
118
119
113
120
113
116
122
115
118
115
120
121
118
118
114
118
121
116
120
120
119
117
120
120
119
115
121
118
122
120
120
121
123
123
122
122
125
120
121
121
124
124
121
127
121
127
129
124
128
124
131
124
127
125
128
129
138
143
150
157
160
166
167
174
176
174
185
177
179
179
182
179
183
178
178
172
173
162
152
144
142
127
132
134
126
128
132
127
128
129
133
124
133
129
129
124
132
125
134
129
132
122
136
127
130
126
135
128
128
130
127
129
128
134
130
127
136
126
134
136
148
158
174
185
179
183
180
172
163
161
154
146
152
145
146
141
140
146
138
141
140
133
139
142
136
137
139
136
132
139
140
137
135
141
136
138
138
133
137
139
131
134
139
141
139
144
162
159
171
180
173
173
169
167
158
154
154
150
149
147
143
137
143
144
142
136
145
137
135
144
141
141
140
137
132
142
141
139
134
141
139
135
132
138
137
133
139
141
135
139
136
131
138
136
135
132
138
136
132
139
