162
165
166
165
163
162
160
168
164
163
167
163
163
164
170
169
171
174
169
170
174
175
165
174
170
167
172
168
169
164
175
166
166
170
164
168
163
165
161
162
159
165
156
157
159
151
162
169
170
187
206
214
206
210
208
192
191
183
175
168
172
169
159
163
165
162
156
164
159
154
161
159
156
158
161
149
159
155
153
153
155
157
151
156
156
148
154
152
152
149
155
148
150
147
149
147
143
149
138
143
146
138
137
140
139
144
163
171
182
192
194
192
189
180
173
162
161
157
149
148
145
143
146
143
143
141
140
142
137
137
143
139
137
141
141
136
139
140
136
134
138
138
137
133
137
134
138
137
126
134
132
128
129
133
134
148
159
174
182
177
175
167
158
150
151
140
148
138
135
142
134
132
133
135
135
128
137
133
132
135
134
131
131
132
132
128
135
127
130
134
134
126
130
130
128
129
129
129
126
131
130
128
129
131
125
133
132
131
125
130
130
130
128
130
126
128
132
131
131
128
132
126
132
130
126
130
129
131
126
136
129
128
129
131
129
133
133
133
130
135
135
129
134
133
132
131
136
135
134
137
127
