153
150
151
153
147
150
153
152
152
153
153
148
153
151
148
149
152
148
149
152
152
149
151
154
150
152
154
152
154
161
158
154
158
157
156
158
158
157
155
159
158
155
159
156
154
156
159
154
157
160
154
156
159
158
155
157
157
154
155
158
156
157
157
156
153
156
156
152
155
157
154
157
161
158
157
158
162
154
160
159
159
157
161
156
155
159
159
157
158
158
155
157
158
157
155
160
155
153
154
158
154
154
157
152
152
153
154
151
154
154
149
152
155
150
150
153
152
148
153
154
149
150
155
149
147
152
148
148
151
150
146
148
149
149
146
148
144
140
141
139
133
132
130
127
126
125
120
123
123
122
123
121
122
126
122
122
125
125
121
122
121
125
126
121
125
130
129
131
135
132
134
136
134
134
138
138
136
137
138
138
135
139
136
137
138
139
138
138
141
137
140
142
139
140
140
140
137
140
143
136
140
142
136
141
141
141
139
142
143
139
142
140
141
140
142
142
138
143
145
139
143
143
140
142
144
144
140
145
146
142
142
146
142
143
146
145
144
147
144
138
144
145
142
138
142
141
139
142
142
137
162
