162
163
166
161
163
165
164
162
164
165
161
164
164
159
161
164
161
160
161
164
157
161
162
156
158
158
159
157
160
158
155
157
159
154
157
158
154
154
157
154
152
155
155
154
157
155
152
154
153
153
149
152
152
148
151
154
151
150
154
150
149
152
151
148
150
152
146
146
149
146
147
150
148
143
149
147
139
140
138
130
131
127
122
117
118
117
111
111
114
108
111
115
111
112
113
115
110
120
126
134
143
152
152
153
155
151
149
150
151
144
149
149
148
147
151
150
145
150
150
147
148
148
147
146
150
148
147
149
148
144
149
149
146
146
151
148
147
150
150
146
149
150
146
146
151
148
146
149
151
147
150
152
146
144
149
147
148
149
150
148
148
151
148
148
151
150
148
151
153
149
153
154
148
149
152
149
152
152
152
148
152
151
147
152
150
147
149
151
148
149
149
150
148
149
152
146
150
153
149
149
149
150
148
149
152
147
148
150
147
146
151
147
146
147
148
143
148
150
144
148
149
147
147
148
147
144
146
147
145
147
147
145
148
147
149
144
147
148
144
144
143
139
140
142
142
141
142
142
140
140
127
