143
147
146
144
143
147
144
140
138
132
128
130
134
130
132
133
130
133
132
132
127
133
136
131
130
133
130
130
132
134
130
133
138
137
145
148
142
142
143
145
143
145
147
142
145
145
144
144
145
145
144
146
143
139
142
141
141
142
143
138
139
143
142
139
140
143
136
141
143
139
140
143
141
140
142
142
138
139
139
135
138
139
136
133
138
137
134
137
140
136
137
142
137
142
141
142
138
143
146
138
140
143
138
140
143
143
140
143
141
137
139
139
138
141
154
164
166
175
177
175
181
181
178
180
180
179
181
179
182
175
179
180
169
164
153
145
134
132
132
128
132
134
131
129
131
130
128
133
133
129
134
133
128
132
133
128
130
131
129
129
133
132
129
132
132
127
131
132
129
131
135
136
133
136
135
134
133
135
135
133
138
135
132
137
139
133
136
136
134
135
140
136
134
140
137
136
139
138
135
136
140
135
136
139
138
134
138
139
132
137
141
139
136
138
134
134
141
140
136
138
141
134
138
140
138
135
140
138
134
137
139
136
138
140
139
138
142
139
136
140
139
137
139
140
138
138
141
142
139
141
127
