164
164
159
162
158
158
158
161
158
158
159
161
154
160
161
154
159
155
158
155
157
158
154
157
160
153
154
158
154
152
155
159
149
157
157
150
157
153
155
150
159
153
153
151
154
147
155
150
156
149
152
146
147
152
153
154
163
157
157
154
161
157
153
155
150
151
152
153
148
144
151
151
141
145
135
129
131
135
126
127
130
134
127
134
135
134
131
143
132
133
138
131
137
133
138
130
140
136
135
133
131
136
131
135
133
131
135
134
131
127
134
132
130
135
145
158
177
189
198
192
193
184
179
169
167
152
156
147
146
146
145
140
137
140
141
138
134
141
137
133
138
135
136
137
138
133
133
138
133
136
141
150
157
162
166
166
173
175
175
175
182
182
176
178
179
173
172
176
170
164
155
139
130
125
125
124
124
122
122
119
121
119
121
123
124
120
121
122
119
125
121
123
119
124
122
118
124
123
120
118
122
119
115
120
124
119
120
121
118
117
120
121
114
121
123
117
121
122
116
120
122
118
120
121
121
119
119
123
121
119
124
119
116
123
123
118
128
119
123
123
120
122
122
126
124
120
123
129
123
126
125
