161
156
155
160
149
157
159
150
154
156
158
148
156
158
154
163
170
177
181
191
197
192
197
197
186
178
177
167
167
167
162
158
156
158
152
154
159
153
156
153
154
151
152
155
151
151
154
152
150
152
149
148
148
153
147
146
153
147
149
147
149
140
144
151
139
144
149
140
143
145
138
137
144
143
133
139
141
137
137
138
131
130
129
130
128
130
129
128
131
133
126
134
134
131
126
132
135
130
134
136
126
130
135
133
131
126
131
122
123
124
119
121
117
118
119
114
117
120
116
116
119
113
119
117
121
120
121
117
124
125
124
122
128
121
127
136
125
128
131
129
127
134
134
133
129
132
133
136
134
144
156
164
179
188
184
190
186
176
169
159
155
155
154
145
150
145
145
139
145
147
140
147
143
144
140
148
140
145
142
142
141
142
140
143
141
148
140
147
143
146
138
142
144
143
139
143
135
141
151
142
140
145
140
141
145
141
143
140
146
139
141
148
140
145
140
146
138
141
149
140
145
141
148
137
143
150
140
148
144
147
140
148
143
146
142
144
145
145
141
148
142
150
141
147
143
149
138
146
148
142
147
