152
149
149
153
149
153
157
162
155
160
159
153
157
162
158
156
158
160
154
157
157
151
158
152
154
158
166
176
187
200
206
202
198
192
184
177
167
168
162
160
160
154
155
156
151
151
155
149
151
153
151
151
151
154
150
149
152
149
147
150
150
145
148
149
147
148
145
149
145
148
142
144
146
142
141
145
144
143
144
145
146
139
141
145
136
142
145
142
135
146
143
142
139
142
143
145
149
138
142
149
141
143
137
139
138
145
162
163
178
192
193
187
188
178
164
161
157
147
148
140
146
139
140
142
133
139
139
131
135
140
136
128
133
134
131
133
134
131
132
132
126
129
134
126
127
125
130
125
127
129
123
130
127
126
125
120
124
122
117
122
113
120
113
122
111
118
118
112
118
122
134
153
166
179
187
180
183
170
163
147
151
140
143
133
131
132
133
128
126
132
128
125
130
121
123
130
124
128
124
128
122
123
127
121
125
128
122
121
126
126
122
123
122
129
122
125
127
119
125
126
123
122
127
121
126
124
130
122
129
125
129
122
129
129
121
129
125
127
126
128
123
127
126
126
124
127
129
128
129
131
119
