161
157
159
160
160
156
159
159
153
156
159
155
155
157
157
154
156
156
151
156
157
154
155
156
151
151
152
155
149
154
155
150
155
153
152
150
152
151
150
152
155
147
152
153
148
151
150
150
150
151
150
148
148
151
146
147
149
148
146
149
150
146
149
149
146
146
149
145
146
148
146
145
146
148
144
146
147
145
147
154
152
148
152
153
146
149
150
148
147
148
145
145
148
148
142
147
146
145
144
151
148
139
142
134
132
134
133
129
130
134
134
131
136
134
131
134
137
135
134
138
135
134
139
137
133
138
137
135
135
138
134
138
136
137
134
137
139
134
138
139
136
135
139
137
137
138
140
137
139
140
138
137
140
138
139
141
141
137
139
142
138
140
143
141
139
141
142
137
140
141
137
141
143
140
138
144
141
138
143
143
138
141
142
141
141
143
142
138
143
143
141
141
145
139
140
141
144
140
142
144
141
141
143
141
141
144
142
139
145
145
141
145
146
142
141
146
140
141
143
144
139
142
143
142
140
144
141
142
143
140
137
140
138
136
136
137
137
138
139
139
135
139
140
137
136
139
135
135
139
138
135
