163
160
159
162
160
157
160
160
156
158
164
157
158
164
160
158
162
158
157
158
160
152
155
154
156
154
156
157
152
158
157
153
154
156
154
153
156
153
152
156
157
153
156
158
154
154
154
154
150
154
154
151
154
155
150
153
153
150
148
152
151
148
150
152
146
148
150
150
148
150
150
146
149
150
146
148
149
148
146
149
149
144
149
150
145
148
150
146
144
148
145
145
146
146
143
148
148
145
146
148
148
145
145
148
144
146
147
143
144
148
148
144
146
146
142
145
148
145
145
148
144
144
145
144
142
147
151
147
144
143
142
142
141
144
137
141
142
140
138
143
141
140
140
138
136
137
140
139
140
140
138
127
131
133
128
131
133
128
129
133
130
129
131
132
130
134
134
129
132
132
132
129
132
132
130
133
134
130
133
134
130
133
134
134
131
134
136
130
136
138
134
138
138
138
136
139
139
134
140
142
138
140
140
141
137
143
142
137
140
144
140
141
143
142
141
143
144
139
144
145
141
143
146
143
142
146
143
142
143
146
140
142
145
144
143
146
145
144
147
147
142
144
147
143
143
144
144
141
147
148
140
