153
154
151
150
151
152
148
151
153
150
153
155
152
152
152
152
147
150
151
148
149
151
148
147
150
153
147
150
153
148
149
151
148
148
150
151
144
149
149
147
149
150
147
146
149
148
146
148
148
144
148
149
146
147
148
148
146
148
148
144
146
148
146
146
146
147
142
145
147
144
145
146
142
145
147
148
145
147
146
143
146
146
144
142
146
143
142
146
146
140
144
146
141
143
145
144
143
143
145
141
144
143
143
140
145
144
141
142
143
140
141
144
141
141
144
143
140
142
142
140
141
144
140
141
142
139
138
140
140
135
140
143
144
151
157
157
157
158
155
153
153
150
144
145
146
141
142
142
144
139
143
145
140
142
144
143
139
139
136
125
128
131
123
126
126
127
125
129
132
128
130
132
128
131
133
129
131
133
133
130
133
135
132
134
136
135
133
136
138
136
136
137
135
138
137
135
134
136
136
135
139
141
134
139
140
135
138
140
135
138
140
137
136
139
141
137
142
141
139
141
144
138
141
143
138
140
144
139
143
144
140
141
143
138
139
141
140
136
141
140
137
141
141
139
141
145
143
140
144
141
163
