142
140
144
143
142
145
145
142
142
147
147
139
139
146
144
144
145
142
144
145
143
143
146
146
145
144
145
142
147
145
138
132
136
137
128
134
136
131
132
134
135
133
136
136
135
136
138
138
137
141
142
140
144
145
138
141
147
153
158
166
172
170
173
173
171
176
176
171
172
169
172
168
172
170
170
169
173
168
165
172
164
159
153
146
145
151
148
144
145
149
140
143
147
148
144
148
147
147
144
143
146
147
148
149
146
149
150
144
146
148
145
142
145
144
141
143
147
143
144
148
140
144
144
144
141
144
146
141
145
142
146
144
147
140
142
143
137
133
140
134
136
133
132
133
135
134
138
134
135
138
134
138
139
135
139
143
138
142
138
135
138
136
141
140
143
142
139
144
146
141
146
146
144
145
147
147
144
148
148
145
144
147
143
145
148
145
143
146
147
146
146
149
146
149
148
147
148
147
146
147
154
157
159
177
188
201
209
206
203
195
187
187
177
173
170
167
159
162
162
158
159
162
152
152
154
153
150
153
153
144
149
150
149
148
151
148
148
150
149
146
150
149
146
145
148
143
146
146
145
143
157
