158
161
159
156
160
161
162
166
171
165
166
167
165
162
164
166
162
165
167
161
163
164
163
161
164
165
161
164
165
163
162
165
163
159
161
163
157
162
161
158
160
161
158
157
161
159
155
158
159
155
158
158
156
154
156
158
151
157
156
151
154
155
153
150
153
155
151
154
155
151
152
155
151
150
152
152
148
150
152
147
148
149
149
147
150
148
146
145
148
145
147
148
146
144
147
145
143
145
147
142
142
146
140
142
143
145
139
141
146
138
142
142
138
139
143
140
140
146
149
149
150
148
144
142
141
141
144
140
146
140
141
146
140
142
143
142
141
142
139
138
142
142
139
131
131
129
126
124
125
123
124
125
124
123
127
124
122
127
128
126
131
132
125
128
128
130
125
128
130
126
129
131
130
132
132
131
131
132
133
130
134
134
131
135
134
132
135
136
132
134
135
133
133
137
134
134
136
136
133
138
137
136
138
136
134
138
137
136
138
138
136
139
139
137
140
138
138
139
141
137
139
141
137
137
141
137
138
142
137
139
141
141
138
140
142
138
141
139
140
138
142
143
138
139
144
137
139
142
141
138
140
