136
132
132
128
137
130
135
133
130
135
132
133
130
132
133
128
135
141
148
162
180
181
188
184
182
174
167
163
151
150
155
145
145
147
142
140
139
141
134
134
141
136
134
138
139
132
137
138
137
135
138
134
136
135
135
137
136
136
135
140
136
134
134
138
134
131
134
131
133
130
135
133
136
135
133
136
133
133
129
135
133
130
133
144
139
135
141
135
131
139
137
138
132
142
136
137
134
140
135
136
141
134
132
136
128
125
130
125
128
127
126
131
129
135
124
128
128
131
126
131
134
127
130
131
127
128
132
130
134
134
133
129
133
135
132
136
133
132
133
133
128
133
136
137
130
134
138
136
134
136
128
133
139
133
138
140
138
135
142
137
134
138
138
138
139
141
146
157
162
164
167
175
173
170
178
177
172
176
177
178
175
181
180
178
175
166
151
140
140
130
130
134
136
130
132
132
129
131
133
131
130
134
131
133
134
134
132
135
134
132
131
137
133
126
135
134
130
133
138
133
130
135
129
131
136
137
127
134
134
134
134
137
135
132
135
138
135
139
136
136
133
135
137
136
136
137
129
139
135
132
142
