158
165
170
188
205
214
215
215
215
203
198
190
183
182
174
168
166
163
163
157
165
158
158
155
159
154
154
156
156
149
149
151
148
151
150
150
150
150
152
144
149
150
145
145
148
141
145
150
143
142
146
144
139
141
147
140
138
144
143
138
138
143
139
138
143
138
136
141
141
132
134
142
131
135
140
137
135
139
130
139
139
138
129
133
132
130
133
134
131
128
129
130
127
133
136
150
171
187
199
199
199
196
184
180
168
157
149
153
148
148
150
147
148
140
147
142
139
143
142
140
137
139
135
136
142
136
133
136
136
127
135
131
136
129
133
131
128
133
129
127
131
134
125
129
126
128
127
126
128
125
131
126
127
129
128
131
127
134
127
131
129
132
123
134
130
127
125
134
127
125
134
130
129
127
131
131
127
132
127
130
132
129
134
128
130
123
128
125
126
123
125
128
121
135
132
144
164
176
177
182
179
174
156
159
148
145
145
142
139
139
139
132
137
133
137
135
134
136
134
127
136
134
130
135
129
136
131
137
131
130
138
132
132
130
133
127
131
132
132
130
134
134
129
130
135
133
132
135
135
133
121
