164
162
167
159
165
167
157
162
162
161
160
162
161
162
161
163
161
161
161
158
158
158
160
158
158
159
156
154
160
150
158
159
153
154
152
159
155
150
152
153
154
153
151
152
154
151
155
152
149
149
149
148
152
147
150
148
151
155
158
145
145
151
139
141
145
140
134
140
141
137
134
142
134
139
139
132
138
135
129
129
130
133
134
131
133
132
129
129
131
131
133
129
134
131
129
133
131
136
131
130
131
134
133
129
128
124
128
122
119
124
119
122
122
122
118
120
117
112
115
113
114
114
110
114
113
106
118
118
114
118
119
115
132
128
131
136
133
130
133
139
133
135
137
137
134
137
139
137
139
142
139
139
137
137
137
141
143
133
140
142
135
142
151
159
172
190
189
190
190
182
176
167
166
158
154
151
154
145
153
151
150
149
148
148
144
149
149
144
148
144
144
147
146
142
144
145
146
140
145
148
139
144
149
143
141
148
138
142
146
151
141
151
145
147
140
149
144
147
142
145
147
142
149
146
141
148
143
144
147
143
139
143
149
147
144
142
142
145
145
142
141
146
141
145
145
141
147
141
148
145
141
