164
157
157
157
163
161
159
165
158
159
164
155
157
158
161
157
154
160
158
160
162
158
157
160
153
153
155
158
154
151
156
150
151
153
149
155
158
157
153
159
156
148
149
155
143
147
144
141
145
145
137
138
140
133
135
138
135
140
135
135
138
139
136
137
138
137
133
132
144
142
149
160
158
156
155
154
145
149
145
141
141
144
146
143
145
146
143
144
149
144
145
148
142
141
139
140
144
143
142
140
144
145
143
137
140
141
137
135
142
139
142
143
137
140
139
143
154
165
176
185
195
196
193
185
181
172
163
162
161
152
149
155
149
146
150
149
145
146
143
147
143
147
143
146
145
141
141
145
147
141
140
137
130
124
116
120
109
109
107
100
102
101
99
97
97
94
97
98
94
93
97
98
100
99
93
99
103
100
108
119
126
136
145
148
146
150
145
143
145
147
141
142
146
140
141
144
146
141
147
147
144
145
145
146
146
148
148
142
149
149
143
147
149
147
145
150
151
147
150
146
148
148
149
153
148
153
151
145
150
152
149
152
146
156
149
155
149
151
150
155
151
150
153
147
154
148
156
146
154
153
138
