159
158
155
156
159
153
156
158
152
154
157
153
151
153
153
150
153
155
150
153
155
150
151
154
154
149
152
154
150
149
155
151
149
152
151
148
149
149
145
147
153
146
145
150
147
145
146
146
141
145
149
145
145
147
146
140
144
147
142
141
148
139
142
145
144
145
148
144
143
145
145
144
144
147
144
144
144
146
140
144
146
143
143
145
141
145
147
146
138
144
144
141
143
144
141
142
142
139
139
142
139
137
143
143
140
140
144
140
138
141
141
137
140
141
143
151
165
179
182
180
176
166
161
157
148
147
148
143
141
142
141
140
140
140
138
139
140
138
138
140
138
136
140
138
136
137
139
136
137
140
136
138
138
138
133
136
138
134
136
137
137
136
138
138
131
136
138
132
135
139
134
135
139
138
136
138
138
136
137
137
134
137
137
138
133
138
138
134
137
141
136
136
139
137
136
136
137
135
138
140
134
138
138
134
134
137
138
133
138
136
133
135
139
137
137
139
138
134
137
139
134
136
139
136
135
140
139
136
138
137
136
136
142
133
136
137
136
133
134
137
132
130
135
134
137
139
135
136
138
137
130
