148
150
152
145
151
152
146
146
149
146
149
152
149
147
150
149
144
147
149
143
146
147
145
145
150
144
143
146
144
142
144
144
142
141
144
143
140
143
143
138
142
143
139
140
142
139
139
142
141
137
139
142
134
136
140
134
129
129
127
125
128
128
124
127
127
124
125
130
127
124
127
128
125
127
131
128
132
136
134
134
136
136
134
135
136
135
134
137
134
132
137
136
135
136
140
133
136
138
133
136
137
136
135
139
137
135
137
139
136
135
141
137
137
140
140
134
143
146
153
167
179
184
185
192
189
184
188
186
181
185
189
182
182
185
184
181
182
182
178
180
179
172
162
152
138
131
131
133
129
129
131
127
127
130
127
126
129
128
126
130
129
124
126
129
123
127
127
129
123
129
128
125
127
130
124
126
129
126
123
129
128
125
128
130
125
129
130
127
125
129
128
123
128
130
124
127
130
125
127
129
127
126
126
128
127
126
129
125
129
130
128
126
130
130
126
130
130
126
128
129
128
127
131
129
127
129
131
128
128
132
129
130
132
131
128
131
134
130
131
136
129
131
136
132
130
134
136
129
132
136
136
