138
136
133
141
146
137
139
141
131
138
144
145
147
163
177
185
195
194
185
178
175
170
157
157
156
152
153
148
148
152
150
144
147
149
144
145
149
145
147
146
145
147
141
143
144
146
142
147
144
141
147
139
142
144
149
140
143
149
137
143
144
146
140
144
148
140
145
148
140
145
149
141
146
144
148
136
144
151
140
143
150
140
145
155
153
161
169
172
177
182
185
180
184
191
181
182
187
186
181
184
184
182
172
163
151
144
135
133
131
136
139
130
133
135
133
133
135
134
130
133
134
134
133
136
134
134
134
135
135
131
133
130
134
136
132
136
130
130
130
132
131
129
131
135
123
132
131
134
123
129
132
128
131
133
129
133
134
134
127
133
134
121
121
121
110
113
111
106
103
103
105
102
104
106
102
104
108
102
106
110
107
116
126
139
140
146
151
139
141
146
147
139
143
146
143
150
145
147
147
141
152
145
151
149
145
153
149
147
155
150
153
150
156
154
152
158
156
152
156
158
159
153
157
163
151
157
161
154
157
160
157
153
160
161
156
161
156
152
160
165
157
156
160
162
161
156
162
160
161
160
142
