152
155
153
150
154
153
150
152
154
150
151
155
154
150
150
152
148
151
153
150
152
154
148
149
150
150
148
150
151
149
147
149
147
149
149
142
143
148
150
144
150
147
144
145
148
140
142
148
143
143
145
146
145
147
141
145
144
149
142
140
144
145
140
140
141
141
141
141
144
142
138
143
142
143
145
139
139
142
143
140
143
141
140
138
141
139
138
143
143
140
142
141
139
142
139
139
141
143
143
138
139
142
138
139
142
137
142
142
141
135
141
143
143
135
141
141
141
143
142
141
136
142
138
140
144
142
139
140
139
138
141
139
137
138
142
137
137
140
134
136
141
130
133
134
133
138
132
135
135
134
131
133
131
132
135
132
133
135
130
134
132
135
129
128
128
133
134
130
136
137
134
135
139
139
136
139
139
137
140
140
138
138
141
140
137
141
138
135
141
143
140
139
143
140
139
140
144
144
139
143
142
142
146
144
140
143
146
136
142
146
142
145
147
144
145
143
144
144
144
146
139
143
148
145
144
144
147
137
147
146
144
145
148
141
147
148
147
144
145
146
141
144
148
143
144
151
146
143
146
146
160
