133
120
124
126
118
122
123
123
123
125
123
121
123
121
122
124
120
124
119
120
123
121
120
123
121
120
124
119
119
116
124
119
119
120
117
119
120
123
119
118
124
117
122
125
115
120
118
126
118
118
124
118
122
126
119
121
118
124
119
121
121
116
122
124
117
117
121
121
121
122
122
118
120
121
121
118
122
119
118
118
122
127
128
135
132
135
142
147
144
152
154
158
165
161
167
164
162
166
161
160
164
157
165
158
164
159
155
155
159
159
155
154
155
156
154
149
137
127
119
108
103
105
112
110
105
105
112
110
103
103
107
103
113
104
105
112
107
106
104
108
103
107
103
106
105
113
104
106
110
105
108
111
105
106
107
110
103
106
110
104
108
115
105
112
113
106
113
111
109
114
108
111
108
108
113
107
109
115
109
110
114
113
112
111
112
111
119
117
111
109
114
117
114
113
118
122
120
117
112
114
111
120
122
116
116
119
119
118
121
117
118
124
120
124
123
122
123
123
125
122
125
118
125
114
119
124
125
119
126
125
126
126
123
126
125
116
129
127
126
131
124
119
131
125
124
123
123
131
130
130
0
