145
146
146
144
142
144
147
143
144
146
141
144
145
140
140
145
146
141
143
143
141
143
143
142
138
143
142
137
144
143
136
139
142
136
138
140
137
139
140
140
138
139
141
137
137
140
135
137
141
140
137
142
145
149
162
175
180
179
186
177
169
166
160
151
151
151
146
141
144
141
137
139
138
133
135
138
132
132
134
134
130
131
134
129
131
134
132
130
134
129
129
135
138
130
132
132
127
128
133
131
132
130
133
128
129
131
131
131
133
129
128
131
133
129
127
132
128
130
134
132
128
130
131
129
129
130
126
129
131
130
128
130
129
127
130
131
127
129
131
131
131
133
132
128
133
132
128
130
134
130
130
132
130
129
132
132
128
131
138
130
132
134
132
129
132
131
132
133
137
133
136
135
133
133
135
133
131
137
137
134
140
140
135
138
139
134
134
136
136
133
136
139
134
137
139
136
136
139
137
137
138
140
134
141
141
140
138
140
140
135
142
139
137
139
142
136
141
144
141
139
142
140
137
144
144
141
142
144
144
141
144
144
139
142
142
139
140
144
141
140
138
138
134
139
139
135
140
140
136
138
125
