168
161
168
164
162
163
167
163
160
164
163
161
163
166
161
165
160
166
160
165
161
160
161
165
159
161
162
163
157
164
157
159
158
165
157
161
161
165
155
165
162
160
158
165
157
162
159
159
155
162
162
159
156
162
156
161
167
161
164
162
164
158
164
161
162
157
164
158
164
169
184
194
215
220
219
212
213
197
191
189
180
176
174
166
166
165
162
161
154
161
157
158
152
160
152
155
153
152
147
157
151
148
154
149
144
146
144
146
142
143
145
141
140
148
143
158
166
184
188
194
192
185
183
171
163
157
153
150
144
149
145
142
144
145
139
140
141
139
137
139
139
132
137
138
132
135
133
135
130
126
131
132
124
130
128
122
130
121
130
141
152
158
172
177
175
172
166
153
152
147
146
133
136
138
134
130
135
127
130
134
129
129
126
128
127
126
130
123
131
127
126
125
125
128
123
125
126
124
120
127
123
121
124
127
121
124
124
122
124
126
124
121
126
126
123
126
131
126
126
125
126
124
128
127
124
128
128
129
127
128
127
123
127
129
124
127
127
124
126
129
129
122
128
131
128
127
136
127
127
131
122
