138
140
135
133
131
139
139
137
131
132
139
135
137
131
139
141
133
134
133
140
135
133
131
137
134
134
137
134
134
136
136
132
132
138
136
130
130
133
133
137
130
129
132
136
130
133
130
138
135
128
135
131
134
133
135
128
127
135
132
138
135
129
132
133
132
134
124
129
135
128
130
134
129
132
135
130
131
127
132
134
127
129
133
133
128
127
127
129
134
126
127
130
130
127
125
124
130
129
128
126
126
132
133
129
131
125
124
129
133
131
126
127
131
128
128
126
124
130
128
128
131
133
136
138
138
141
137
145
149
151
149
150
152
154
160
155
151
159
154
151
157
154
154
155
151
157
150
156
149
159
154
147
153
152
154
148
155
145
156
145
149
156
143
140
130
123
112
105
109
107
107
107
104
107
110
108
104
112
108
105
106
111
104
115
107
113
104
114
109
115
109
115
108
113
111
108
113
110
110
113
109
109
107
108
110
109
112
119
110
113
113
109
112
108
117
111
111
111
110
115
111
117
112
115
110
120
116
110
118
113
111
111
107
115
117
112
112
111
118
119
115
108
117
114
116
118
121
110
111
117
0
