136
138
138
137
131
136
140
133
134
140
136
137
138
138
140
140
137
134
138
137
136
137
136
135
135
134
139
137
132
137
135
139
133
136
134
136
135
133
135
135
132
137
134
134
134
134
134
134
136
133
136
130
137
134
130
137
135
131
138
130
135
133
137
132
138
133
137
129
135
133
134
132
134
133
133
131
129
135
131
129
136
130
130
132
136
128
130
132
131
131
129
131
130
131
129
129
134
136
144
149
160
166
168
173
167
167
156
150
148
145
141
138
143
134
131
133
135
134
127
129
130
128
129
134
127
128
126
125
134
126
126
126
129
123
127
124
123
125
124
125
124
127
126
129
121
123
119
124
124
126
126
122
120
128
119
123
123
120
120
126
119
121
124
117
122
125
120
123
125
119
122
120
123
118
118
117
125
122
117
121
122
118
120
122
123
118
119
120
121
121
119
123
118
121
117
118
119
117
120
121
124
119
118
120
114
121
126
119
118
121
124
116
119
120
118
119
122
125
118
119
119
119
121
119
122
120
123
122
119
118
120
117
119
120
120
119
117
119
121
121
125
118
122
125
118
123
123
117
121
121
0
