131
131
130
131
130
130
129
131
132
128
135
127
135
137
128
132
135
128
132
127
134
128
131
134
131
129
130
126
132
134
124
135
129
136
124
126
133
134
131
129
131
129
136
131
133
136
130
135
127
128
129
137
135
131
128
130
133
132
135
130
135
126
136
131
134
129
137
129
138
133
133
130
132
134
123
130
125
127
134
133
133
132
134
124
130
133
131
137
137
130
136
136
139
138
137
129
133
124
123
117
111
111
103
102
100
100
97
96
96
95
92
98
94
94
94
96
94
94
95
94
94
99
106
116
125
132
140
140
141
141
142
142
136
138
139
134
134
134
130
138
139
133
140
136
129
139
136
128
136
138
134
135
135
132
139
144
131
145
136
146
144
138
141
134
135
139
140
133
143
137
137
140
140
135
141
137
138
143
137
135
137
140
137
136
144
135
144
144
136
144
142
140
141
136
137
137
136
143
140
137
140
138
140
138
141
141
139
144
133
145
138
141
136
141
133
138
142
141
134
136
132
137
130
139
135
131
142
140
133
139
134
132
133
133
132
140
134
135
140
132
135
138
139
133
133
136
132
135
128
132
0
