156
155
151
153
155
152
152
150
150
147
151
152
147
150
155
150
150
151
149
149
151
153
148
149
149
144
149
148
145
146
148
148
142
147
151
146
146
147
144
145
149
146
141
147
148
140
144
146
141
144
145
144
143
144
145
141
145
145
142
143
145
145
145
146
144
140
142
142
139
140
146
140
142
143
144
140
144
145
141
143
142
138
139
140
140
137
143
143
138
137
142
136
138
140
138
137
139
140
135
142
138
135
136
137
137
133
134
136
132
135
146
148
164
178
183
182
184
177
168
163
157
152
148
147
145
145
147
143
139
143
143
137
144
141
138
138
138
137
139
138
139
134
140
140
136
138
139
138
134
140
136
137
141
141
138
138
138
137
137
140
138
136
138
136
136
137
141
138
138
140
137
139
137
140
134
140
140
137
140
140
138
137
140
137
138
138
139
134
138
141
138
137
141
140
136
139
140
136
137
143
134
138
139
138
136
139
141
136
138
139
135
139
139
137
139
138
139
135
139
138
136
139
141
138
137
140
138
137
140
141
139
141
141
137
138
140
135
136
134
137
134
136
135
133
133
137
135
134
138
138
138
