153
156
156
150
152
154
153
152
153
154
152
153
153
148
152
153
150
148
153
149
149
151
153
147
150
152
149
147
148
148
146
148
149
145
149
150
147
146
150
148
146
149
148
143
146
147
145
145
150
146
143
145
146
141
145
148
143
144
147
143
143
146
145
142
146
146
139
146
144
142
142
142
143
141
144
146
140
144
144
140
142
143
143
140
143
145
142
144
145
141
141
139
134
127
125
122
115
117
118
111
112
111
107
103
104
104
100
103
105
100
102
105
102
102
102
105
102
105
109
103
104
109
115
124
136
144
149
156
161
154
157
156
153
150
152
151
149
151
153
148
149
153
152
151
152
154
148
152
154
151
155
156
150
153
154
154
154
156
156
150
154
155
153
155
157
156
155
156
156
152
155
158
152
156
156
154
153
155
157
151
156
155
153
154
158
153
152
157
158
153
156
156
153
153
154
151
154
155
156
153
155
157
154
156
157
153
153
156
153
154
157
157
152
155
156
151
153
155
153
152
153
151
149
152
154
150
151
152
145
143
147
145
142
144
143
141
143
144
140
141
142
143
140
145
145
141
143
144
142
140
153
