141
144
142
142
145
141
146
143
143
146
145
140
149
143
147
144
143
146
145
143
148
142
145
143
146
142
143
146
143
144
145
136
141
141
144
144
145
134
143
144
137
148
143
140
147
142
143
143
141
144
143
144
137
144
138
143
144
139
142
143
140
140
145
136
144
139
143
142
144
139
142
142
142
144
140
141
141
138
140
141
137
138
143
137
137
139
137
135
134
136
138
136
136
139
136
138
139
136
137
134
132
134
125
123
119
116
112
113
108
105
105
101
98
97
96
96
96
95
97
93
97
96
96
95
95
96
97
100
101
98
100
99
99
103
100
102
112
118
131
142
144
146
149
149
145
144
143
146
141
144
145
144
142
148
141
144
141
142
143
145
136
148
140
143
145
143
142
141
143
142
145
142
144
136
148
145
134
142
142
143
144
144
145
145
139
148
144
145
136
139
145
147
147
142
144
141
146
144
141
144
142
142
141
142
141
143
144
141
144
139
141
142
142
142
143
140
142
144
139
145
139
141
142
144
142
142
144
140
144
139
143
142
139
142
141
140
141
141
139
141
142
139
142
138
140
139
139
139
141
137
0
