129
126
126
129
129
132
126
125
126
129
125
127
131
124
125
125
131
128
125
126
127
124
126
127
123
126
126
126
126
125
125
127
129
126
126
126
125
127
129
124
126
129
125
127
126
127
123
129
128
125
124
125
127
124
124
128
129
129
132
124
124
124
126
123
125
123
125
126
127
125
125
128
125
126
125
124
128
127
123
123
126
128
127
123
124
123
128
123
128
126
123
125
122
125
121
126
131
124
121
120
125
126
127
131
138
145
157
163
163
161
153
149
143
139
135
132
134
129
129
129
128
126
130
129
127
126
129
127
125
127
125
125
127
125
126
125
125
125
125
126
127
123
126
122
120
126
122
122
124
123
122
124
122
122
121
120
122
121
122
120
120
123
119
120
124
122
122
122
121
122
116
124
122
122
121
123
122
121
122
120
120
125
121
124
126
123
120
122
122
122
122
123
121
122
122
121
119
123
120
122
122
123
121
120
126
124
121
123
122
122
120
122
122
120
122
123
121
121
124
122
124
122
122
119
121
122
122
122
123
118
123
125
125
124
125
122
122
122
122
123
121
124
123
123
123
123
123
123
121
123
0
