160
157
157
161
156
156
159
159
155
158
158
154
155
158
155
152
158
156
153
156
157
154
153
154
154
150
155
152
150
155
155
151
153
156
152
151
154
153
149
151
154
149
151
154
148
148
151
150
148
150
150
147
148
148
144
146
148
146
142
147
147
142
146
145
144
143
145
146
141
145
146
141
143
144
140
142
145
144
143
145
144
137
137
134
126
124
121
118
115
118
114
110
110
106
102
103
103
100
99
104
98
102
102
102
101
105
105
103
104
107
104
105
108
113
123
135
143
146
150
155
148
149
149
146
144
147
145
143
145
147
142
145
148
145
145
153
152
148
152
154
148
150
154
148
150
152
151
150
153
155
151
154
156
149
151
154
152
152
154
155
156
157
160
152
157
157
156
155
161
157
153
159
157
157
156
161
155
157
159
157
153
158
157
152
157
158
155
157
158
159
155
159
162
155
159
159
154
157
159
159
156
159
160
155
160
159
156
157
156
156
154
159
159
153
156
157
154
157
159
154
154
157
156
152
155
157
150
152
149
148
147
149
148
148
149
150
144
148
151
146
146
147
148
144
148
148
142
147
148
143
149
