123
128
120
127
125
127
123
126
129
122
125
127
123
127
124
128
123
128
124
126
123
131
121
125
130
122
130
121
124
125
130
123
129
122
122
126
122
122
126
118
124
122
126
122
127
121
123
125
123
122
123
122
128
119
123
127
120
123
127
121
123
128
123
126
122
124
120
125
124
121
123
127
122
128
123
124
123
125
120
125
121
127
121
122
125
124
122
128
120
121
127
122
126
123
124
124
126
122
123
120
126
128
130
138
134
141
149
160
158
158
159
156
157
162
156
156
161
157
159
156
160
156
157
156
155
155
155
156
156
155
153
148
139
125
116
116
111
112
107
109
111
105
112
106
111
106
109
107
104
110
111
106
116
110
112
112
107
110
111
109
113
114
110
113
113
112
113
116
109
113
115
111
112
119
107
109
115
112
111
113
109
112
117
110
114
116
114
113
119
113
117
117
114
115
114
116
119
112
116
114
115
118
121
119
114
118
114
112
121
116
117
117
114
118
117
122
117
119
114
122
116
121
118
121
115
122
119
121
118
121
121
120
124
120
122
121
122
119
121
118
123
122
121
125
119
125
118
125
127
124
0
