152
148
147
151
149
147
150
148
147
149
149
146
149
152
147
147
147
149
144
147
149
143
147
148
146
145
149
147
144
146
149
143
147
148
145
143
148
147
144
146
145
143
145
147
142
143
144
143
140
146
144
141
144
145
142
141
143
143
142
141
143
140
141
142
139
141
143
140
138
142
143
139
141
143
139
142
141
137
138
142
140
138
141
142
137
140
142
137
138
142
140
138
143
142
138
142
141
139
140
143
138
131
130
125
119
118
118
111
109
110
106
101
105
105
96
101
101
98
99
101
97
100
103
100
102
104
103
102
103
103
102
105
110
115
129
141
147
153
160
157
157
155
152
149
150
151
147
148
148
151
147
149
151
146
147
153
148
152
154
154
150
153
154
150
153
154
154
154
156
154
153
155
158
152
157
159
154
154
157
155
155
156
158
153
155
157
156
156
157
154
156
158
157
156
158
158
153
156
157
154
153
155
156
154
156
158
153
156
158
155
155
157
157
154
157
157
154
159
157
154
156
153
157
154
156
157
153
157
158
155
155
155
151
150
148
148
148
147
150
144
148
151
149
146
150
146
146
148
151
156
145
