161
160
158
160
163
158
162
163
160
159
159
157
159
157
157
156
157
155
158
158
169
178
187
196
204
203
198
192
182
178
175
165
164
164
163
155
157
158
159
158
155
154
155
156
154
156
150
157
151
151
154
149
150
152
151
147
152
149
149
150
147
151
149
151
147
149
147
147
143
142
149
144
147
148
144
146
145
147
142
143
146
143
139
148
152
159
162
172
174
179
184
177
184
180
182
178
185
186
183
180
187
181
177
181
170
167
152
147
134
132
136
129
130
133
125
127
128
126
125
126
127
124
131
127
132
125
127
125
123
125
124
124
122
126
119
126
123
123
118
129
119
125
123
129
118
123
128
121
124
121
127
118
126
123
128
129
132
133
136
137
143
133
137
137
136
138
142
139
140
139
139
136
137
133
126
125
119
114
117
119
121
116
118
122
116
122
124
122
120
124
123
120
125
122
122
126
125
122
122
127
124
124
128
127
126
127
132
125
134
132
131
130
133
131
130
132
134
131
135
135
134
135
137
133
138
136
135
135
136
134
137
140
138
141
142
141
143
142
138
141
142
137
138
141
143
140
145
146
139
143
149
