157
160
154
155
157
160
159
167
166
159
162
165
162
160
164
160
161
163
161
163
160
163
159
163
166
161
162
164
162
158
162
163
159
163
162
159
160
160
157
158
160
160
155
159
163
155
160
161
157
158
159
160
156
159
162
155
159
163
155
160
158
157
158
157
161
154
158
159
156
155
159
157
156
160
157
155
157
160
153
154
156
156
152
153
155
152
153
157
153
159
163
168
175
189
190
192
197
202
199
201
203
196
198
198
196
193
195
197
192
192
193
186
186
186
183
179
172
158
142
135
135
129
130
134
131
128
128
128
129
129
132
124
128
129
126
127
128
125
124
126
127
123
125
128
123
122
125
125
124
123
125
123
124
127
123
123
126
124
122
126
124
121
125
125
121
122
124
120
121
123
124
120
124
125
120
121
124
120
123
124
123
120
123
124
121
122
125
122
122
125
123
121
125
125
122
123
127
123
125
128
122
122
124
124
123
126
126
122
126
129
125
125
128
124
123
127
126
124
128
128
125
129
128
128
125
128
128
127
129
129
124
126
125
125
124
128
128
123
126
129
123
127
130
129
128
131
131
131
130
132
129
