158
159
156
159
159
157
161
160
156
161
159
156
154
162
162
158
161
161
156
162
161
156
159
161
164
170
184
198
203
205
208
197
189
192
178
181
174
176
166
166
165
161
160
163
159
160
161
160
157
160
160
150
157
156
156
155
154
157
152
156
154
152
154
154
150
151
151
151
146
151
154
148
154
150
147
149
150
149
150
158
163
169
174
183
183
185
190
185
185
187
188
180
180
184
174
163
155
146
140
141
141
136
136
135
133
135
138
136
133
134
135
130
132
134
133
134
133
128
132
130
132
129
132
130
126
127
128
129
129
132
128
125
128
131
125
129
131
126
126
130
126
126
128
128
125
128
127
126
128
130
127
128
131
129
128
128
129
130
126
129
127
127
133
132
134
144
150
153
158
164
167
168
171
171
164
167
168
161
163
157
143
136
131
128
128
129
127
128
129
125
128
128
126
132
123
125
130
122
123
134
127
125
129
125
124
126
123
119
123
126
123
125
125
126
125
126
127
119
122
127
122
125
128
127
126
128
126
125
129
131
126
126
128
125
125
129
132
126
131
129
125
128
131
129
131
130
130
129
133
132
150
