160
158
162
162
158
160
163
158
159
162
158
156
160
160
156
161
160
156
157
159
158
155
161
155
156
158
157
156
157
159
155
156
157
154
152
155
156
150
153
156
152
153
156
154
155
157
157
153
155
158
150
150
156
150
154
157
155
154
156
155
151
152
154
150
150
155
154
151
153
153
148
150
152
148
149
151
150
148
149
150
146
150
150
145
146
147
146
145
148
149
142
148
146
145
147
149
146
144
147
147
142
145
148
144
146
147
144
145
147
147
143
144
148
140
144
146
142
144
146
143
143
146
145
141
139
136
131
128
130
124
121
121
115
110
113
108
107
105
110
106
109
108
111
106
110
112
110
118
129
134
146
155
157
154
156
152
149
149
150
149
147
152
149
147
149
150
148
148
152
147
152
152
149
148
152
152
148
152
154
150
151
154
151
149
153
153
150
154
155
149
151
155
152
151
154
152
148
150
153
149
151
154
151
155
155
154
152
154
153
149
152
156
150
153
155
154
154
154
156
149
152
153
148
150
154
151
151
152
151
146
150
151
148
149
151
147
150
152
150
151
153
153
149
150
153
149
149
153
151
151
139
