147
148
148
146
147
148
145
148
148
145
146
149
145
145
148
146
143
144
148
144
143
145
145
144
147
146
142
144
148
139
145
148
141
143
143
142
141
144
145
140
142
144
141
144
146
144
141
142
141
139
140
142
138
141
143
141
143
143
144
141
142
143
138
141
144
140
139
143
142
140
143
143
140
139
144
137
142
141
141
138
139
142
138
140
142
138
139
140
141
138
142
140
136
140
140
138
140
141
141
137
141
140
134
142
139
136
138
140
138
142
150
160
166
178
182
178
183
185
183
181
186
184
180
184
183
180
180
182
178
176
180
174
175
178
175
167
161
149
132
125
124
120
120
124
124
118
121
119
117
121
121
118
118
119
119
116
118
120
115
119
121
118
119
126
122
121
125
125
121
124
124
122
122
124
124
124
127
126
122
123
125
122
122
125
123
123
126
126
121
127
127
125
126
128
125
125
129
124
125
128
131
126
125
128
126
127
128
127
126
128
130
127
129
128
126
127
130
130
127
128
131
130
128
129
127
130
130
131
129
132
130
129
131
132
128
129
131
128
124
128
125
125
128
127
125
128
130
127
128
130
128
