161
159
159
160
158
157
160
159
157
157
160
155
156
158
155
157
158
157
153
155
156
152
153
155
154
152
154
153
150
155
157
153
155
154
152
150
151
153
149
151
153
149
151
153
149
149
152
151
147
150
151
147
149
150
148
151
154
152
149
149
151
148
146
150
146
146
150
148
144
150
150
145
147
149
147
145
149
147
144
148
149
144
147
149
143
146
147
143
145
146
147
143
146
146
141
143
147
144
143
147
147
140
144
145
144
143
146
142
142
144
145
142
144
145
141
143
145
141
142
144
145
141
142
145
139
145
147
141
141
145
144
141
144
143
141
143
143
140
142
142
137
139
136
139
130
132
131
127
128
128
127
129
127
128
131
125
130
129
125
129
130
127
130
130
128
131
131
127
130
127
128
134
127
130
133
135
133
137
139
133
136
137
134
136
138
138
137
138
140
136
139
141
138
139
142
140
138
143
142
139
142
144
139
143
147
143
144
145
146
140
145
147
143
144
146
143
142
146
145
142
146
148
144
145
148
142
144
147
149
144
147
150
146
146
150
147
147
149
151
146
146
145
142
143
145
143
142
146
145
144
129
