152
153
151
152
152
151
150
154
150
154
150
155
145
149
150
153
153
154
151
152
150
151
151
153
152
151
150
154
148
154
150
155
146
152
151
151
152
154
150
153
152
152
150
154
146
152
150
150
154
150
149
151
149
148
150
149
149
150
148
149
150
150
149
150
148
146
147
147
146
147
146
147
147
146
148
145
145
147
143
142
146
143
140
134
127
124
120
113
114
111
107
108
101
100
99
95
96
94
92
93
90
94
89
93
93
92
87
85
85
88
88
94
90
89
89
89
98
92
97
88
88
92
96
102
113
130
141
143
148
156
152
150
149
149
148
147
144
140
149
147
145
142
151
143
148
147
145
140
152
148
147
148
151
145
149
151
146
150
147
148
148
148
150
149
149
147
150
152
149
153
152
149
150
150
148
149
148
150
151
150
151
148
150
147
148
147
149
148
149
148
145
144
150
147
145
145
147
148
146
142
145
139
143
140
145
138
150
142
142
145
140
143
140
143
141
140
146
137
140
146
139
144
140
140
140
141
141
139
143
141
140
144
134
134
137
130
140
136
136
137
132
140
133
138
141
135
130
140
134
129
0
