155
155
152
150
153
153
149
151
152
148
151
152
148
148
150
149
147
149
150
147
149
148
147
147
148
147
145
147
146
145
149
144
143
141
146
144
142
144
147
141
144
147
142
143
144
143
142
143
145
143
143
144
140
143
144
145
145
144
142
141
143
142
142
143
147
138
139
142
143
139
143
144
137
142
142
140
138
143
141
136
141
142
136
141
141
139
138
141
140
138
142
142
137
141
140
137
139
141
140
139
141
140
140
141
145
138
139
142
139
136
138
136
130
132
134
124
127
129
123
129
127
128
127
124
121
128
123
128
128
126
125
129
124
127
133
124
127
130
123
128
129
129
132
134
128
129
133
131
132
136
133
131
137
136
136
136
135
134
135
136
137
134
138
140
137
139
141
140
139
145
135
137
140
143
137
140
143
139
141
143
142
140
144
144
142
144
145
144
138
145
147
143
147
150
145
148
148
146
148
150
149
147
150
151
148
150
153
149
151
149
148
148
150
152
148
152
153
149
150
153
149
151
153
153
151
154
152
148
153
154
151
150
153
152
149
151
153
149
151
151
147
149
152
152
150
153
151
149
151
152
162
