162
164
169
167
160
165
168
159
164
169
165
159
164
168
162
157
162
162
164
168
158
161
162
164
163
156
159
159
160
164
160
160
156
157
155
158
160
153
157
158
152
154
155
153
152
155
155
151
153
155
150
154
154
150
150
154
154
150
150
155
149
151
153
151
150
150
152
147
150
150
143
145
143
145
136
142
137
138
140
139
136
134
126
135
137
125
129
132
128
129
129
124
131
127
121
127
127
123
122
120
124
127
119
126
126
123
127
132
128
128
133
133
131
136
131
135
137
138
132
135
139
134
138
138
139
134
136
138
136
137
140
136
139
137
139
135
142
143
137
139
145
142
143
145
141
140
138
140
139
142
145
141
143
140
141
142
140
144
142
138
145
143
142
146
140
140
147
145
140
148
141
142
141
143
143
139
143
146
140
145
145
138
143
146
145
144
152
143
141
144
147
144
149
146
141
144
145
146
144
147
149
144
139
145
144
145
147
151
145
144
145
144
144
146
145
149
147
142
142
146
148
145
151
147
145
145
146
141
139
143
139
137
141
142
137
139
141
139
140
133
141
136
138
141
138
140
142
139
138
144
125
