158
160
162
156
163
160
157
160
162
156
161
160
158
154
160
160
153
161
159
154
158
158
156
158
157
161
155
159
158
151
158
157
156
156
158
155
156
157
158
152
153
156
154
153
158
152
152
154
155
153
155
157
154
153
154
151
151
154
153
149
148
149
143
146
147
148
143
146
146
142
145
149
142
145
148
142
145
145
146
141
145
146
140
141
143
140
141
142
142
139
143
141
137
142
143
139
140
142
139
137
140
140
138
140
142
139
138
142
137
140
142
144
141
145
144
138
142
145
143
148
157
168
169
180
186
181
189
189
186
185
187
183
183
184
185
180
181
183
177
179
180
176
171
166
150
139
134
130
125
128
129
128
126
129
127
125
126
126
123
126
126
124
125
127
125
124
128
127
123
127
126
124
125
127
123
123
125
127
122
125
128
122
125
129
128
126
128
128
125
129
130
127
126
130
127
128
130
131
127
131
130
127
127
130
126
125
129
128
125
130
130
126
130
131
126
127
129
127
126
130
129
129
134
133
129
131
132
129
130
133
134
131
135
137
128
132
134
132
131
135
135
133
135
136
130
135
133
132
134
136
181
