135
129
129
129
127
127
128
126
124
129
131
125
128
132
129
128
131
130
128
131
134
130
133
133
131
132
134
133
131
133
135
131
135
137
134
136
137
135
135
137
138
135
141
140
136
140
140
140
138
141
144
141
143
145
141
145
148
143
146
146
145
145
147
148
142
146
149
146
147
151
150
146
151
153
147
149
151
149
151
154
153
150
153
155
151
153
153
150
152
155
153
150
154
152
151
152
156
150
152
154
153
152
151
153
147
151
153
147
152
151
149
150
153
154
155
163
165
161
163
166
164
158
160
158
156
156
159
153
155
158
152
154
157
153
153
156
156
155
156
156
149
145
149
143
141
144
145
143
147
148
145
145
148
146
145
150
148
145
150
149
146
148
150
150
151
153
151
147
152
152
149
152
155
151
152
152
150
151
155
155
149
152
154
152
152
155
153
153
154
155
151
154
157
152
153
155
153
153
154
156
152
155
155
153
155
155
153
153
156
155
152
157
154
152
154
155
152
154
157
155
153
158
158
153
156
157
152
155
156
155
152
156
156
153
155
156
152
154
155
151
152
155
153
150
155
154
151
152
155
151
156
