132
135
140
139
134
145
136
134
141
136
135
136
137
133
137
150
151
166
189
186
193
186
183
171
169
162
157
149
153
145
149
150
146
146
147
145
142
145
148
142
142
145
142
141
148
146
141
142
148
140
139
141
143
143
144
144
143
140
146
142
144
148
141
141
144
142
138
144
143
140
143
147
154
159
167
173
173
180
187
182
181
184
184
186
180
191
182
188
183
185
178
184
181
180
172
168
150
142
141
131
129
132
134
132
132
137
133
132
132
129
132
137
132
135
133
130
127
133
134
129
130
134
130
130
133
131
136
131
133
132
135
132
130
127
130
130
134
126
132
127
131
130
127
132
129
132
126
130
131
126
130
134
128
130
131
133
127
132
130
128
133
134
131
130
137
135
129
136
129
129
127
129
116
113
115
112
107
109
107
101
99
102
99
101
100
99
102
107
101
102
103
104
102
116
122
134
140
146
143
143
144
147
140
146
143
138
142
144
139
143
144
149
141
143
145
144
146
145
147
144
149
144
147
145
149
142
146
152
147
145
150
145
149
151
151
147
153
148
148
151
151
149
152
149
150
149
151
152
147
151
136
