143
138
139
141
138
138
141
142
135
143
142
136
141
141
142
139
144
141
140
142
141
140
141
145
139
142
139
142
138
142
142
136
143
142
137
142
140
141
141
142
141
139
141
141
138
139
141
138
140
141
142
135
142
139
137
141
143
138
139
139
141
139
143
141
137
142
139
138
140
143
139
139
139
143
139
143
142
138
139
143
140
139
143
141
139
141
144
139
141
143
138
139
142
136
137
136
141
137
145
152
159
177
189
194
189
185
179
170
164
157
151
150
151
146
145
146
147
141
144
145
142
141
146
140
138
141
140
139
142
140
137
141
141
141
139
140
137
136
139
139
137
137
140
134
137
139
137
135
139
137
137
138
138
136
135
141
136
136
137
137
135
138
139
133
137
139
135
135
138
138
135
138
138
132
133
138
134
136
138
136
133
138
138
134
137
141
135
138
139
136
135
139
139
135
140
140
137
138
139
136
135
142
138
138
139
140
136
139
140
135
140
141
141
138
140
142
135
142
142
137
141
142
140
138
143
141
140
141
146
140
142
142
136
141
143
144
141
144
145
141
141
142
137
136
139
139
137
139
142
135
140
