124
127
124
129
128
127
128
122
124
126
126
129
124
125
129
130
121
125
130
125
128
124
129
127
123
126
129
126
126
125
131
126
128
123
127
128
126
126
130
127
126
124
129
125
128
129
130
128
128
124
127
130
126
132
135
125
127
127
130
126
124
131
120
125
125
129
121
129
131
126
127
128
125
129
127
125
127
128
129
125
128
129
123
127
131
127
124
126
125
124
126
125
123
131
133
130
131
127
126
124
129
129
125
126
129
126
129
135
128
131
135
129
124
134
143
147
164
169
169
178
177
190
178
183
183
184
181
182
176
168
156
138
128
127
127
123
129
129
124
127
128
124
124
119
120
126
122
126
125
125
122
125
121
121
117
121
115
114
114
120
121
113
113
121
116
115
119
116
115
120
118
111
115
113
112
117
119
115
109
113
115
113
116
117
118
116
118
117
111
115
121
115
115
110
112
116
121
111
106
111
118
112
115
121
117
112
123
113
104
121
119
112
121
117
114
114
121
114
112
126
121
112
114
123
118
116
130
122
116
112
119
115
115
126
130
127
129
128
131
128
134
127
129
128
126
132
134
130
126
127
131
