134
129
138
131
129
131
138
131
135
138
137
133
137
137
141
134
135
133
136
134
131
132
134
131
128
133
136
138
139
135
131
132
134
130
130
133
128
132
137
135
133
139
131
136
135
133
134
130
135
133
129
130
131
132
134
139
133
133
135
133
130
135
134
135
134
135
132
133
136
137
135
137
138
130
134
135
134
131
137
136
135
136
140
124
132
133
135
138
135
135
136
147
154
164
171
178
178
183
191
190
194
194
194
194
191
187
190
191
192
187
184
178
155
147
140
136
129
131
129
129
126
133
131
128
126
129
121
125
127
119
126
123
117
112
123
117
122
117
121
116
119
123
118
117
118
114
114
120
114
116
116
118
113
114
118
112
117
116
117
114
119
107
111
113
117
111
113
114
112
108
115
108
107
110
113
114
116
112
112
113
111
111
108
113
104
111
114
116
113
111
112
111
110
116
114
109
107
116
114
119
115
111
113
117
116
114
116
116
111
115
119
115
113
120
117
116
123
120
118
121
117
119
118
125
119
120
120
123
119
122
127
124
126
126
124
120
126
123
116
128
122
122
124
124
121
125
123
121
121
123
131
