136
127
137
138
133
134
138
135
132
138
136
130
143
138
127
134
133
129
131
135
135
130
137
132
127
135
133
136
140
133
141
135
133
139
131
135
138
133
137
144
131
134
133
136
136
137
138
130
133
136
128
132
138
129
131
138
133
130
136
134
137
136
134
137
131
136
138
130
136
130
134
134
132
132
136
133
129
129
133
135
126
132
131
126
130
131
134
129
132
132
126
125
129
123
133
126
133
127
127
130
127
130
127
133
127
131
128
131
134
134
127
133
140
144
149
157
166
170
181
182
182
190
184
178
183
185
179
176
172
165
148
140
137
131
135
134
131
132
133
134
128
134
132
124
126
124
125
122
125
118
119
124
119
123
126
123
119
116
124
119
120
120
126
118
118
119
114
125
119
114
118
120
118
122
119
120
115
120
122
116
123
119
115
112
120
121
112
115
122
116
123
116
110
118
114
121
114
119
121
115
120
115
110
117
110
123
113
122
116
117
121
118
113
119
111
120
118
116
122
118
120
118
119
118
116
121
116
119
123
114
121
123
119
119
121
114
117
124
121
118
122
123
120
117
132
120
121
125
116
118
0
