121
118
115
122
122
115
118
117
128
118
118
119
119
121
119
112
125
116
117
123
123
123
113
120
120
122
122
119
118
117
116
123
121
120
119
116
125
115
114
119
122
124
116
119
123
119
115
128
118
119
116
128
119
121
122
124
124
121
122
126
122
122
119
120
120
118
122
126
124
121
120
120
116
126
126
119
124
124
119
117
125
120
119
117
129
118
124
135
139
152
160
161
163
173
171
171
166
175
169
172
171
170
162
149
135
128
124
129
117
119
125
122
123
129
122
121
120
124
119
119
114
124
120
125
122
122
123
115
114
116
114
119
119
117
110
117
113
110
111
110
115
106
114
119
115
108
113
114
110
114
111
105
111
113
106
108
109
108
105
110
112
105
110
113
106
113
116
115
109
110
108
108
114
106
115
117
114
112
115
112
107
108
114
119
108
111
113
116
114
115
114
116
113
115
112
113
116
113
114
118
112
119
117
119
108
110
118
117
119
117
109
113
116
116
111
115
118
113
116
121
113
117
124
120
116
116
116
118
118
120
118
114
121
115
115
126
127
116
120
119
120
121
125
124
121
123
123
116
124
123
110
