127
129
119
128
130
124
125
129
126
121
134
125
121
127
131
119
129
130
123
123
130
128
126
127
125
124
126
126
125
121
131
126
119
130
130
120
128
126
121
125
126
129
124
130
130
124
123
130
122
128
133
126
123
131
128
120
131
129
121
128
134
127
126
129
133
127
130
131
123
129
135
125
125
131
130
126
131
131
126
126
134
126
125
131
128
120
130
129
126
129
132
125
132
134
136
131
136
132
127
133
134
125
127
126
118
117
116
116
117
121
125
118
120
128
120
118
126
126
120
128
127
117
126
128
122
128
131
128
122
132
129
122
131
132
121
131
132
128
128
131
132
126
136
135
129
131
132
131
127
133
133
123
135
133
131
135
131
130
127
138
130
132
138
132
129
134
136
131
132
137
131
133
140
136
133
136
137
134
134
139
135
133
139
136
129
141
139
134
139
138
133
136
140
138
134
142
141
132
139
144
135
138
145
136
133
145
138
136
140
141
139
140
147
142
139
140
139
137
140
142
137
140
143
137
138
142
143
136
141
142
137
140
143
139
139
143
142
137
140
141
138
143
140
138
142
143
142
140
144
144
132
