126
129
126
127
132
126
123
131
132
122
133
131
121
126
131
129
122
132
130
124
134
130
124
127
136
127
127
131
129
126
131
134
125
132
132
133
127
136
131
128
131
133
123
134
132
131
128
136
131
129
137
131
132
133
137
130
131
139
131
132
136
135
127
137
137
127
134
137
135
130
142
135
127
136
137
130
133
137
132
129
140
137
131
136
131
126
129
135
124
128
130
122
128
130
130
124
131
133
124
130
132
125
125
132
131
127
132
136
126
135
138
135
130
137
133
125
140
136
129
136
133
131
131
135
133
129
140
137
133
136
138
128
133
141
136
129
139
141
131
135
139
133
136
139
138
136
136
137
133
140
139
132
138
141
138
134
143
142
130
145
139
133
137
138
134
139
141
142
137
138
143
137
139
140
135
135
144
135
135
140
146
133
139
142
135
136
143
139
135
144
143
132
145
143
136
145
143
141
134
141
140
137
142
145
135
138
146
133
140
145
140
138
140
144
134
141
140
132
139
145
142
137
147
141
133
140
140
134
136
134
135
130
141
137
133
142
135
133
135
142
132
133
141
138
129
139
138
133
137
138
131
