122
133
130
123
132
129
128
124
128
131
123
130
132
121
130
134
124
132
133
129
126
128
130
125
129
135
128
130
136
128
129
132
129
127
132
138
127
129
135
130
130
133
133
129
133
135
127
132
135
129
131
137
133
129
133
130
133
134
134
136
134
136
135
130
139
134
129
134
139
136
135
140
137
130
134
135
132
137
135
132
134
135
134
135
138
136
129
136
139
127
136
135
134
131
136
135
129
139
139
132
140
139
139
131
138
139
132
140
140
130
139
137
136
136
138
139
132
140
140
128
139
139
134
135
139
134
132
142
137
129
141
137
125
133
128
128
127
130
130
126
130
136
123
136
133
132
129
134
134
126
133
140
128
134
137
132
132
140
130
129
138
135
129
135
140
131
133
136
131
132
137
137
131
137
137
131
132
139
133
132
137
138
130
139
139
135
140
141
132
134
139
139
131
142
141
137
138
139
135
134
143
139
132
143
140
132
142
142
136
139
142
140
140
141
144
134
139
144
138
140
145
140
137
144
144
138
143
145
135
145
145
140
141
144
140
137
145
146
132
140
147
137
137
144
141
134
145
146
136
141
129
