126
127
122
126
130
127
124
130
125
124
131
132
122
130
129
125
128
133
126
128
132
131
126
131
130
127
128
129
128
128
131
129
127
134
129
125
130
135
126
130
132
126
130
132
129
127
131
133
128
128
134
128
124
133
130
128
132
130
124
135
133
127
130
134
129
129
134
133
128
131
132
131
128
135
132
128
132
135
126
131
137
128
132
139
132
128
135
137
126
134
138
128
132
139
131
135
140
136
132
135
135
133
135
138
133
129
138
139
131
137
135
123
129
133
124
125
129
122
125
131
130
127
131
132
132
127
134
133
130
137
138
125
136
136
128
133
140
134
130
140
137
127
140
142
130
138
139
133
135
139
135
132
141
138
129
139
142
136
137
140
139
134
142
142
131
139
142
135
135
142
141
136
142
141
136
138
138
137
140
142
141
133
144
142
137
142
144
136
143
141
139
136
142
143
136
145
144
138
140
148
134
139
148
142
139
143
140
141
143
145
139
143
146
139
138
146
141
140
144
146
137
138
150
139
144
144
140
143
142
142
138
137
147
139
141
145
139
137
142
144
135
140
144
133
135
140
135
131
140
140
134
