129
131
138
131
131
137
129
129
136
134
131
131
136
131
128
136
129
129
133
134
126
135
130
131
131
134
133
129
132
131
128
131
136
131
131
134
127
127
135
129
129
130
133
131
130
136
131
123
138
136
132
134
136
131
132
135
135
132
140
135
131
137
140
131
134
138
134
131
134
139
127
137
135
134
133
141
135
132
138
135
130
138
135
129
136
136
132
133
134
133
132
138
136
133
135
134
133
137
136
137
136
139
139
131
140
136
133
135
140
137
132
139
137
133
135
139
133
138
141
137
134
140
138
134
136
140
135
135
137
133
128
136
128
126
137
129
129
136
136
132
130
133
134
126
130
128
121
126
132
123
128
131
130
128
135
131
131
137
135
128
137
136
133
135
139
138
134
133
138
135
135
137
137
130
139
138
131
136
142
131
138
139
136
137
138
135
137
137
138
138
141
143
137
138
140
141
134
138
144
139
140
146
135
137
139
141
140
141
142
141
140
146
137
140
147
139
141
143
142
141
145
144
138
142
144
141
142
145
143
139
147
146
137
134
140
138
132
135
140
137
138
140
135
137
146
135
137
140
144
134
0
