141
130
134
136
132
133
135
139
133
135
132
132
135
137
133
132
133
135
131
138
136
128
136
136
130
133
137
132
132
134
134
128
132
136
128
128
137
131
127
133
135
125
135
135
127
128
132
132
126
132
132
121
134
135
126
131
132
125
128
134
127
121
133
133
124
130
134
124
129
131
133
128
130
130
123
132
132
125
121
127
126
115
127
125
117
127
126
121
125
130
125
123
131
126
123
130
129
125
127
136
124
124
134
129
119
128
128
119
126
125
118
125
125
128
122
127
125
118
126
133
119
128
129
123
121
131
129
124
130
128
121
132
131
123
130
133
121
136
127
125
129
129
124
128
130
120
136
131
126
131
137
126
131
134
130
131
136
125
132
134
129
131
131
131
136
139
129
136
135
124
137
132
133
131
136
130
134
136
130
137
138
131
142
135
133
139
138
135
136
139
132
139
143
133
135
141
136
134
143
137
134
139
137
135
138
137
137
134
138
139
138
141
142
134
139
140
141
137
143
142
133
143
140
139
141
143
140
142
144
135
136
141
139
136
144
141
136
146
145
138
137
140
127
122
131
130
124
132
129
126
129
