122
124
119
118
116
123
123
121
120
119
121
113
116
126
119
119
119
119
115
122
123
124
120
123
114
116
124
115
110
114
123
120
120
117
118
120
120
121
115
117
120
117
125
123
121
119
119
114
118
116
119
116
117
124
115
116
125
117
120
124
120
115
119
114
116
120
120
120
118
120
114
118
121
119
123
126
137
144
150
151
168
162
176
178
181
174
184
185
185
185
183
175
189
183
185
179
182
172
182
175
179
176
174
167
148
137
139
122
120
121
119
111
121
117
116
114
121
111
111
111
115
104
109
103
98
107
105
98
102
104
97
95
104
99
101
101
94
106
102
97
99
98
94
100
105
97
99
100
91
96
102
100
97
97
102
102
95
97
101
97
95
92
100
99
98
97
93
99
101
95
100
100
95
94
100
94
103
101
93
99
102
101
98
102
98
100
103
96
101
102
102
96
103
103
97
102
108
100
107
101
108
103
105
103
101
106
104
110
102
111
99
107
112
103
110
110
107
111
105
105
103
112
103
108
101
108
106
104
107
110
105
107
109
113
110
116
112
115
107
111
103
107
106
100
98
102
102
98
108
101
128
