118
116
126
119
123
121
123
118
119
124
114
119
125
121
116
119
121
116
125
121
117
121
116
119
120
122
125
119
126
121
123
121
124
118
120
122
124
116
126
125
116
123
120
123
121
122
120
121
122
132
117
123
121
125
123
126
130
120
125
127
123
125
118
119
122
128
124
119
119
125
119
123
128
117
122
125
117
127
124
125
120
121
123
120
119
120
124
123
131
122
121
124
123
121
123
130
136
145
148
150
160
177
177
179
186
183
177
180
176
184
173
180
176
174
179
178
163
159
148
133
133
135
132
132
126
132
126
130
129
125
121
129
125
127
123
120
110
111
114
110
115
108
114
108
111
112
105
115
112
109
109
109
114
110
113
109
103
104
111
103
105
110
109
104
109
112
103
108
106
103
110
104
113
103
110
117
106
107
110
105
110
115
105
104
110
105
104
112
104
111
105
113
115
106
107
109
103
110
110
104
115
109
114
114
111
106
109
114
114
113
107
113
104
112
115
108
110
113
117
108
119
114
113
117
111
115
110
117
111
107
114
116
113
115
115
114
117
114
122
114
117
108
115
113
118
110
111
116
111
98
110
