137
136
140
135
130
137
140
132
138
141
131
134
139
136
133
141
139
135
142
144
134
138
141
136
137
140
142
134
143
141
133
142
142
138
137
142
142
133
143
139
136
140
143
140
139
143
136
137
141
142
138
142
146
142
135
146
142
139
145
145
144
150
153
145
146
154
148
143
146
147
136
135
136
124
128
131
127
127
132
132
121
131
135
127
131
137
126
130
134
130
128
132
131
130
135
135
133
131
136
137
128
133
134
130
137
141
131
134
139
131
133
138
136
129
136
141
130
137
134
131
130
142
135
131
135
140
129
135
139
129
132
140
135
132
138
138
136
138
139
136
136
137
133
131
137
135
128
140
142
133
138
141
137
133
139
136
131
139
143
132
136
138
132
138
139
139
134
137
139
132
141
139
137
133
139
138
131
139
141
135
139
139
136
138
139
137
131
141
140
135
141
141
134
138
142
141
134
138
142
133
137
141
138
137
142
137
136
142
139
138
140
141
136
136
139
138
138
140
139
138
142
142
132
139
143
138
136
142
141
135
137
139
130
137
138
132
134
136
137
133
139
139
131
138
134
136
137
136
138
132
138
